cell	trait	Prop._SNPs	Prop._h2	Prop._h2_std_error	Enrichment	Enrichment_std_error	Enrichment_p	Coefficient	Coefficient_std_error	Coefficient_z-score
L3	ADHD	0.11159189010056601	0.14016058474879278	0.011303194645720079	1.256010491644875	0.10129046685680922	0.012303805344353153	3.0000650508675644e-09	3.448082611552214e-09	0.8700676256468906
L3	Drinks Per Week	0.11159189010056601	0.15480418889190417	0.010666563668981579	1.38723511854128	0.09558547363405108	6.719214337705742e-05	1.7285417600451774e-09	8.245368687940291e-10	2.096378980085329
L3	Alzheimer Disease	0.11159189010056601	0.14503089301214103	0.030932967153390164	1.2996544182685674	0.2771972687756569	0.27623894182758413	-7.059234930671254e-10	8.911273824974921e-10	-0.7921690062858238
L3	Alzheimer Disease2	0.11159189010056601	0.14961615217216884	0.022953787846139037	1.3407439558316967	0.20569405021685006	0.050288454632397554	-4.354075292605021e-10	7.659944027258786e-10	-0.5684212935643586
L3	Alzheimer Disease3	0.11159189010056601	0.15267198880198038	0.020102332221526322	1.3681279944662037	0.18014151569088227	0.04463423657471389	-1.887669132928753e-10	9.376580587379671e-10	-0.20131743286773915
L3	Anorexia	0.11159189010056601	0.12253288939581326	0.013803090101068257	1.0980447529420576	0.12369259171637818	0.4317606781821157	8.84058196482723e-11	5.992014529445133e-09	0.014753939466241376
L3	Autism	0.11159189010056601	0.11654672640415532	0.020330642324329972	1.0444014013843124	0.18218745381952134	0.8076656961944372	-4.654468210956771e-09	6.908917913693433e-09	-0.6736898989249306
L3	BMI	0.11159189010056601	0.15658766061141188	0.006866482918418066	1.4032172093356956	0.061532096214429455	3.586063795378213e-10	7.266320537146227e-09	2.6326849043612957e-09	2.7600418588296947
L3	Bipolar Disorder2	0.11159189010056601	0.1835858218886548	0.010928924319907342	1.6451537985709197	0.09793654637499422	2.7767961316364715e-09	1.47636485108486e-08	3.8028217514837995e-09	3.8822878051247245
L3	Bipolar Disorder	0.11159189010056601	0.20118357067038473	0.015624271819248728	1.802851179320282	0.14001261028169895	5.0289061472848127e-08	3.40192241027935e-08	8.48887139294705e-09	4.007508481169623
L3	Alcohol Use Disorder	0.11159189010056601	0.13357249221701478	0.017910167142585986	1.1969731142347348	0.1604970318761107	0.22683027552926663	8.284801209164396e-10	2.870420131596825e-09	0.2886267803785062
L3	epilepsyAll	0.11159189010056601	0.14811565373746066	0.025590587389083347	1.3272976522216768	0.2293230033653991	0.14845124179389643	3.164506933599521e-09	4.874276459415524e-09	0.6492259846046932
L3	epilepsyFocal	0.11159189010056601	0.14789958824561017	0.05234065016947255	1.325361440802946	0.4690363262267844	0.49347005494238494	3.4551214975665575e-09	6.145505626171253e-09	0.5622192391871835
L3	epilepsy	0.11159189010056601	0.1621838124025838	0.016521794541374285	1.4533655828969707	0.14805551305282966	0.0009598934562000951	2.5497373209287428e-08	1.5730310312776057e-08	1.6209071977797302
L3	GSCAN_AgeSmk	0.11159189010056601	0.1466847451060941	0.012817897209392963	1.3144749584750524	0.11486405685790914	0.007156857570931705	1.269152777557836e-09	1.0957497509203315e-09	1.158250573629482
L3	GSCAN_CigDay	0.11159189010056601	0.14283420846591993	0.010032389026696597	1.2799694344920451	0.0899024921762277	0.0022065512123322344	6.886135830867695e-10	1.4797722835267654e-09	0.4653510480988234
L3	GSCAN_DrnkWk	0.11159189010056601	0.15681333942288514	0.010594293708003823	1.4052395678715164	0.09493784627589247	1.9768402091189284e-05	1.7357122922128478e-09	7.324621861134154e-10	2.369695426084546
L3	GSCAN_SmkCes	0.11159189010056601	0.1519535552388636	0.009618823432312565	1.3616899498872532	0.08619643796376361	4.01049526527419e-05	2.004676486744045e-09	1.2444521345889736e-09	1.6108907936472492
L3	GSCAN_SmkInit	0.11159189010056601	0.14721118241795642	0.008289249061652662	1.3191924815082037	0.07428182329542439	2.290918694480449e-05	2.2514993930336914e-09	9.207446298926793e-10	2.4453027690165543
L3	Height	0.11159189010056601	0.10785443682572463	0.007262604687663896	0.966507841461658	0.06508183239049788	0.6068074481229042	-3.383500451227907e-08	7.1576949788340395e-09	-4.727081080198622
L3	Insomnia	0.11159189010056601	0.14455131415000397	0.012591442620154764	1.2953568043317045	0.11283474640323256	0.009794910280566673	1.1374702853169098e-09	1.1723849142962632e-09	0.9702191417224851
L3	Intelligence	0.11159189010056601	0.15244262089413224	0.007620279153737031	1.36607257710889	0.06828703364437752	2.4268279520410426e-07	6.225909326908018e-09	2.452018133067719e-09	2.5390959564882114
L3	mdd2019edinburgh	0.11159189010056601	0.14290552496427322	0.008817914062959533	1.2806085176573991	0.07901930915421251	0.0005656583794037801	1.6205753758736855e-09	1.0401427325940389e-09	1.5580317249653715
L3	Depression_ex23andMe	0.11159189010056601	0.1451641530055725	0.014287964593231225	1.3008485910109717	0.12803766098374164	0.020642565602937007	2.6018660211145794e-09	2.082891647434917e-09	1.2491605236973222
L3	Depression	0.11159189010056601	0.13781480892330883	0.008326951701583011	1.2349894674165915	0.07461968512298525	0.0019422393859218744	1.027686885527665e-09	8.578333613432598e-10	1.1980029360462687
L3	STROKE1	0.11159189010056601	0.13499066305734816	0.021140684047128475	1.2096816617739452	0.18944641970018256	0.2640910526589789	3.757846816819189e-10	1.755600994074223e-09	0.21404902534820022
L3	STROKE2	0.11159189010056601	0.13334080098791695	0.019359285867319272	1.1948968770736919	0.1734829103608944	0.26020557205244005	5.849101469278771e-10	1.7612832860830538e-09	0.33209316840147174
L3	Type_2_Diabetes	0.11159189010056601	0.1363431363228201	0.028377209979637916	1.2218014785836893	0.2542945545062865	0.39178587874771564	9.542478569635708e-10	4.864310238897009e-09	0.1961733133986841
L3	Parkinson Disease	0.11159189010056601	0.15255857524763405	0.02989766849772754	1.3671116701236001	0.26791972490818033	0.15694436675157886	4.448135280425529e-10	3.2305143067882597e-09	0.13769124226067317
L3	PTSD	0.11159189010056601	0.14898434671861088	0.05414587570609286	1.3350822052063729	0.4852133578640606	0.4830216682091153	1.8432809417649194e-09	3.160855362266068e-09	0.5831589017864587
L3	Schizophrenia	0.11159189010056601	0.17186204000045985	0.009270528155509307	1.540094354935459	0.08307528573227639	3.5751692602952116e-10	2.7834414657550296e-08	6.876166228802167e-09	4.04795546404338
L3	Schizophrenia_PGC3	0.11159189010056601	0.1700743635481928	0.00876041079159011	1.5240745845860546	0.07850400941945937	7.467186508329556e-11	2.3270062651827398e-08	5.56014705888376e-09	4.185152371940866
L3	Cigarettes Per Day	0.11159189010056601	0.15176819468017058	0.011548550033406884	1.3600288922734252	0.10348915161307325	0.0007093667752601109	1.3708201697327083e-09	1.4187027732490567e-09	0.966249023813008
L3	STROKEall	0.11159189010056601	0.11818924829950422	0.01633494041544641	1.0591204091354014	0.1463810712474307	0.6873579366036807	-9.655759656692485e-10	9.420832339149493e-10	-1.0249370022823483
L3	Education Years	0.11159189010056601	0.15123112702081754	0.006611464598829625	1.3552161083079501	0.05924681975429763	1.3849517158273287e-08	4.681267982868961e-09	1.6164114725473554e-09	2.896086833318251
L3	Neuroticism	0.11159189010056601	0.14175918158616127	0.006920191021252751	1.2703358770821844	0.06201338659123268	1.4249393745404445e-05	2.2851908865464276e-09	1.36155625172975e-09	1.6783668567811814
L2	ADHD	0.11130671065811196	0.1334476838902207	0.0094057279566798	1.198918583625354	0.0845027932374203	0.019218158709875137	9.076023984610618e-10	2.796790881306476e-09	0.3245156456020373
L2	Drinks Per Week	0.11130671065811196	0.14797761241170598	0.00979059290839965	1.329458139017618	0.08796049088605529	0.00024299625519583898	1.2001259292869361e-09	7.458392819979e-10	1.609094557304794
L2	Alzheimer Disease	0.11130671065811196	0.16663520048982325	0.03178803139291727	1.4970813485060883	0.285589531888665	0.07528586296531459	-2.1924608137286554e-10	8.958135322167813e-10	-0.24474522150867592
L2	Alzheimer Disease2	0.11130671065811196	0.15437473185235126	0.026234085890132552	1.3869310389247456	0.23569186201821005	0.04442932389185119	-3.203021728063936e-10	7.976634465797759e-10	-0.4015505213129502
L2	Alzheimer Disease3	0.11130671065811196	0.1505202451601016	0.02157565067204039	1.3523016201820692	0.19383962156883638	0.07150324507983624	-4.2463123949010933e-10	9.937792783312005e-10	-0.42728928721795195
L2	Anorexia	0.11130671065811196	0.10317406585170982	0.01545905904044455	0.9269348203866858	0.13888703519348772	0.5953505524962766	-8.811489903929201e-09	6.479692962232359e-09	-1.3598622581792055
L2	Autism	0.11130671065811196	0.11919506581991063	0.01890322626790291	1.070870436428837	0.16983006825137237	0.6792719318536435	-3.6673393497311267e-09	6.272320432355132e-09	-0.5846862240668583
L2	BMI	0.11130671065811196	0.15377694118047644	0.006978910132470243	1.3815603773685794	0.0626998146940714	3.5767876394669626e-09	6.046933295140005e-09	2.649470767616564e-09	2.2823174231809933
L2	Bipolar Disorder2	0.11130671065811196	0.1960830690026977	0.0115652005898338	1.7616464258384523	0.103903893318322	3.376745773726676e-11	1.8556677324855954e-08	3.9681171757617995e-09	4.676443890872108
L2	Bipolar Disorder	0.11130671065811196	0.20507914651886378	0.016877092006790394	1.8424688440284778	0.15162690467630313	8.697619633685436e-08	3.477379263918579e-08	9.257205552092668e-09	3.756402776572773
L2	Alcohol Use Disorder	0.11130671065811196	0.1450678023194286	0.017943381646745263	1.3033158689327968	0.16120664729604567	0.06609439451040146	2.6033811669304847e-09	2.832491763069577e-09	0.9191134113340529
L2	epilepsyAll	0.11130671065811196	0.12611020606700418	0.021832006340898148	1.1329973307212575	0.1961427681387245	0.5015916766108208	-1.4949232616289299e-09	4.268094442518028e-09	-0.35025543173008533
L2	epilepsyFocal	0.11130671065811196	0.09752093162672049	0.05423584610250755	0.8761460207575834	0.4872648358920386	0.7944313952432696	-3.214733547073915e-09	6.136389293680967e-09	-0.5238803135231874
L2	epilepsy	0.11130671065811196	0.16815254494051074	0.016070472460756952	1.510713450665213	0.14438008603199834	0.0002416889598521791	2.9690380252673937e-08	1.5785742800522587e-08	1.8808351705623279
L2	GSCAN_AgeSmk	0.11130671065811196	0.13344841277662678	0.013919810617367363	1.1989251320751446	0.1250581437099803	0.11398340224800577	1.1516236815256973e-10	1.1480589932726248e-09	0.10031049695825396
L2	GSCAN_CigDay	0.11130671065811196	0.1384913574997628	0.00947297523990435	1.244231876774715	0.0851069552221465	0.005032855328203267	5.903404508401439e-12	1.397557186553234e-09	0.004224087976650803
L2	GSCAN_DrnkWk	0.11130671065811196	0.1541316530872857	0.01062326348058899	1.3847471745051763	0.0954413567499919	6.796020127576936e-05	1.60451964922642e-09	7.593287179800801e-10	2.11307647298612
L2	GSCAN_SmkCes	0.11130671065811196	0.15166697308766816	0.010261761790085238	1.3626040352007722	0.09219355894547197	0.00011801163126429369	2.037479779703794e-09	1.2950547627484694e-09	1.5732769287529516
L2	GSCAN_SmkInit	0.11130671065811196	0.1401780518508142	0.008517913481428547	1.2593854496462753	0.07652650438653284	0.0007500683181283743	1.5358249117688775e-09	9.660758172466597e-10	1.5897560878255053
L2	Height	0.11130671065811196	0.11730205300982008	0.007581975979165985	1.0538632605011868	0.06811786939293059	0.42892677296599957	-2.6222525105698674e-08	7.2397541244742246e-09	-3.622018739152007
L2	Insomnia	0.11130671065811196	0.16122590874847165	0.012504092745036909	1.4484832746849448	0.11233907345842152	7.381487382976268e-05	2.7090362496841978e-09	1.1692949556848218e-09	2.3168117133436144
L2	Intelligence	0.11130671065811196	0.1465458866108667	0.007407300170229564	1.316595250586417	0.066548549736428	2.970812178707467e-06	4.410198078122177e-09	2.367821365003909e-09	1.862555234657618
L2	mdd2019edinburgh	0.11130671065811196	0.15115983833936897	0.010191081283507753	1.3580478431679586	0.09155855224947333	0.0001570651672959225	2.65274558014592e-09	1.188158770468146e-09	2.232652441811891
L2	Depression_ex23andMe	0.11130671065811196	0.1492408501860264	0.014853066820228435	1.340807299969832	0.13344268941565343	0.010683138969787478	3.349497158815681e-09	2.1014774206002868e-09	1.5938773007891265
L2	Depression	0.11130671065811196	0.14764307489153541	0.009181290940414345	1.3264525922882915	0.08248640972434683	0.000112437979440943	2.14777649151021e-09	9.38498850948886e-10	2.288523304358511
L2	STROKE1	0.11130671065811196	0.1370097407278801	0.022902103102707353	1.2309207586658202	0.2057567146427776	0.2637012485490765	4.3554813672773326e-10	1.9100937710825615e-09	0.22802447886151828
L2	STROKE2	0.11130671065811196	0.1324494768897783	0.020900047225955627	1.1899505079851667	0.18776987570993722	0.3135326770016122	3.4175942356181735e-10	1.9011904483503168e-09	0.17976075140623898
L2	Type_2_Diabetes	0.11130671065811196	0.15142692492585966	0.029684580910972383	1.3604473982793397	0.2666917451379109	0.18869658620779217	3.227436230309398e-09	5.02723182253355e-09	0.6419907305334653
L2	Parkinson Disease	0.11130671065811196	0.13173506336802326	0.025763201163344362	1.1835320852545785	0.23146134685875525	0.41810818677745987	-2.1397186570941914e-09	2.788735371572376e-09	-0.7672720326589293
L2	PTSD	0.11130671065811196	0.14659464235304148	0.060444303602894926	1.3170332811587562	0.5430427621615264	0.5529790825884168	1.6146518721513703e-09	3.5520161295408468e-09	0.4545733502511119
L2	Schizophrenia	0.11130671065811196	0.16707089493709	0.009292690951693189	1.5009957077095062	0.08348724795431679	6.578440753886515e-09	2.2917121537985977e-08	6.903219357678011e-09	3.319773043644734
L2	Schizophrenia_PGC3	0.11130671065811196	0.16679696327899865	0.008682723013530758	1.4985346552134644	0.07800718359381296	5.261452315439484e-10	2.0176613722329125e-08	5.519758963089435e-09	3.6553432599593405
L2	Cigarettes Per Day	0.11130671065811196	0.1363767532827901	0.010718928281274048	1.2252338828130758	0.09630082694832434	0.0201898722008776	-3.833667137354746e-10	1.297878688066002e-09	-0.29537946593971576
L2	STROKEall	0.11130671065811196	0.12849315754095447	0.018530958081374286	1.1544062058902465	0.1664855422625299	0.3573050486804086	-4.175661968896096e-10	1.068274751633288e-09	-0.39087902831288635
L2	Education Years	0.11130671065811196	0.1507886137994392	0.006963304165060713	1.354712693492482	0.062559607807018	8.336710504577572e-08	4.70315484354314e-09	1.6863921920169048e-09	2.7888855663629606
L2	Neuroticism	0.11130671065811196	0.15373882625189322	0.007713823325356024	1.3812179458264213	0.06930241024774948	4.9519940055610476e-08	4.893490355642774e-09	1.5106754608917295e-09	3.2392730816943427
L1	ADHD	0.10678930053702644	0.10433346585384923	0.008903874824642178	0.9770029893366918	0.0833779674542862	0.783028443163184	-9.362170326193854e-10	2.7048248991477973e-09	-0.34612851756664803
L1	Drinks Per Week	0.10678930053702644	0.10915298167268443	0.009807109341898273	1.0221340632794804	0.09183606683984141	0.809644803167249	-1.2027421422095906e-09	7.792761738347788e-10	-1.5434093619094718
L1	Alzheimer Disease	0.10678930053702644	0.3010762236635822	0.08421607480265245	2.819348213252804	0.7886190318612742	0.02073561486703843	2.1542027130505872e-09	1.5911349606948834e-09	1.3538780595392108
L1	Alzheimer Disease2	0.10678930053702644	0.2891409676989115	0.08326582177967998	2.70758368342959	0.7797206401853872	0.05053062397860546	2.287551557699411e-09	1.7764440407606756e-09	1.287713828981564
L1	Alzheimer Disease3	0.10678930053702644	0.2623825279373382	0.04840499060961792	2.457011391757958	0.4532756593235175	0.0005903684265490568	2.8509014281613534e-09	1.6150665013398773e-09	1.7651913563907204
L1	Anorexia	0.10678930053702644	0.11218630173323248	0.013697293077403786	1.0505387821538803	0.12826465768126838	0.6939263892970102	5.155935003188524e-09	6.0942027758567155e-09	0.8460392922294433
L1	Autism	0.10678930053702644	0.093330883923661	0.019363028185781478	0.8739722374274839	0.18131992707516467	0.46462962646463013	-5.304524665420457e-09	5.907299325850112e-09	-0.8979610432483188
L1	BMI	0.10678930053702644	0.11059556412386717	0.006643930944570705	1.0356427429311703	0.062215324111680015	0.5652791935187054	-3.478159569016157e-09	2.3404396337857005e-09	-1.4861137705953882
L1	Bipolar Disorder2	0.10678930053702644	0.12618096775117657	0.009354651722386647	1.1815881096386296	0.08759914781109708	0.04090295425944471	7.86178528192981e-10	3.3065770328767586e-09	0.23776204829832648
L1	Bipolar Disorder	0.10678930053702644	0.11174938144664495	0.013295801142358349	1.0464473583465297	0.12450499324834861	0.7102072755792017	-8.540639483537302e-09	7.51629974708447e-09	-1.1362824489337546
L1	Alcohol Use Disorder	0.10678930053702644	0.11965819267875924	0.016219945170056167	1.1205073174654876	0.15188736220284837	0.4279452347069397	9.765594530915814e-10	2.985782014138312e-09	0.32706990948011777
L1	epilepsyAll	0.10678930053702644	0.1453864054108603	0.02294296376514274	1.3614323221496454	0.21484328158126534	0.0841472022744674	-1.1996287927542936e-09	4.637439194976539e-09	-0.258683454880396
L1	epilepsyFocal	0.10678930053702644	0.1615722628046224	0.04861309024205691	1.5130004784383935	0.4552243529790849	0.2346240267432124	-5.078740562625021e-10	5.698824321185966e-09	-0.08911909327936782
L1	epilepsy	0.10678930053702644	0.1259808191364457	0.01515456197126231	1.1797138711734994	0.1419108646189499	0.20063719566667942	-1.173831749316653e-08	1.5554334925959552e-08	-0.7546653424297657
L1	GSCAN_AgeSmk	0.10678930053702644	0.09176508030724316	0.012459860249129784	0.8593096859495393	0.11667704710557261	0.22402429575582908	-2.294398797746148e-09	1.0678705589632943e-09	-2.1485738870576103
L1	GSCAN_CigDay	0.10678930053702644	0.12528315015203884	0.014904261581982962	1.1731807355419481	0.13956699320092741	0.22756733126027823	4.908867397027991e-10	1.910491102334435e-09	0.2569426987139501
L1	GSCAN_DrnkWk	0.10678930053702644	0.10600189586702741	0.01041623929842292	0.9926265584095101	0.09754010229527965	0.9396855570487935	-1.428650352649778e-09	7.800373895867288e-10	-1.8315152218622375
L1	GSCAN_SmkCes	0.10678930053702644	0.12413577126141692	0.010930660408488963	1.1624364111119545	0.10235726194965607	0.1135467357236713	3.083875589019709e-11	1.3640812834494844e-09	0.022607711332430384
L1	GSCAN_SmkInit	0.10678930053702644	0.09166534986741962	0.0073854215014590345	0.8583757867731048	0.06915881520263661	0.041570147534599755	-1.2697046387595418e-09	8.704678748887944e-10	-1.458646177978425
L1	Height	0.10678930053702644	0.16979693464061946	0.013435395980287222	1.5900182301666705	0.12581219197731186	1.079241907869977e-05	8.182634170950666e-09	1.2528351113277054e-08	0.6531293780774576
L1	Insomnia	0.10678930053702644	0.09537728475591503	0.012149858547557726	0.8931352136991048	0.11377411862853316	0.34441292216214625	-1.98519366229395e-09	1.1503330475297074e-09	-1.7257555684043602
L1	Intelligence	0.10678930053702644	0.09796148213558127	0.0072065556567581165	0.9173342426904992	0.06748387357644907	0.2209569739422499	-5.117178626617148e-09	2.383604909575682e-09	-2.146823328841055
L1	mdd2019edinburgh	0.10678930053702644	0.10152135108399389	0.008556418782032123	0.9506696885686031	0.08012430776307412	0.5381299407145976	-1.3933931509483856e-10	1.005581760463319e-09	-0.13856587358012376
L1	Depression_ex23andMe	0.10678930053702644	0.10683634879417275	0.012798796726800302	1.0004405708896837	0.1198509275970269	0.9970651769179959	3.983499603423639e-10	1.947469177489427e-09	0.20454750449806622
L1	Depression	0.10678930053702644	0.10338056065608917	0.007348946053877527	0.9680797620754583	0.06881725057586148	0.6429533592931664	2.1394625058958326e-10	7.804045711672558e-10	0.27414786957178194
L1	STROKE1	0.10678930053702644	0.13263236499837475	0.02156080969989557	1.2420005031532901	0.20190046747632656	0.22847100696219133	-8.006753526335846e-10	1.8484433174886844e-09	-0.4331619720540801
L1	STROKE2	0.10678930053702644	0.13564800599039575	0.020477940748887445	1.270239671092923	0.19176022921685162	0.15761459630684865	5.96250744965233e-11	1.9421751620618254e-09	0.030700152932254032
L1	Type_2_Diabetes	0.10678930053702644	0.09383185507143256	0.02723312947277326	0.8786634484875082	0.25501739720947864	0.629359676345066	-7.736589257738146e-09	4.387537449720152e-09	-1.7633101361292323
L1	Parkinson Disease	0.10678930053702644	0.15948051575285088	0.02975587963972388	1.4934128695557392	0.2786410201217377	0.07099503802427376	1.2185387670868021e-09	3.218605559416307e-09	0.37859214016512904
L1	PTSD	0.10678930053702644	0.06194012468202176	0.06223447920813829	0.5800218221351269	0.5827782267996042	0.4480111210167589	-1.7911358798096156e-09	3.588013075011541e-09	-0.499199931093856
L1	Schizophrenia	0.10678930053702644	0.11251785700928607	0.009185323604545475	1.0536435433461182	0.08601351969114827	0.5328427711179387	-4.777820330859532e-09	7.284468009314006e-09	-0.6558914562807544
L1	Schizophrenia_PGC3	0.10678930053702644	0.11479905358380021	0.009513199432759075	1.07500520189283	0.08908382567278468	0.39966245949461165	-1.300620645280057e-09	6.64561519757811e-09	-0.1957110977105698
L1	Cigarettes Per Day	0.10678930053702644	0.1272429947010921	0.017103676443453026	1.1915331785226355	0.16016282864895034	0.2447830452994056	6.61713918882995e-10	1.8974371225813325e-09	0.3487408942346289
L1	STROKEall	0.10678930053702644	0.16244351165353504	0.020171943786887712	1.5211590565406123	0.1888948020583168	0.0068032580979350814	5.921745470032564e-10	1.1519886734862602e-09	0.5140454595019239
L1	Education Years	0.10678930053702644	0.1060360034512241	0.007051441060255503	0.9929459498094461	0.0660313441964216	0.914971696103186	-1.1580086988324317e-09	1.687315923500363e-09	-0.6863022405609287
L1	Neuroticism	0.10678930053702644	0.1066621643801198	0.007350763165478677	0.9988094672755857	0.06883426643411705	0.986217227907519	-2.1952880063337434e-10	1.5407435556199814e-09	-0.14248237471617262
L5	ADHD	0.11002726147717247	0.11860742142177622	0.009200258448147787	1.0779821276055652	0.08361798998384214	0.34961075774226646	-1.8661054888821608e-09	2.9144255017879687e-09	-0.6402996020098387
L5	Drinks Per Week	0.11002726147717247	0.13922924968646463	0.01027975541146583	1.265406843878876	0.09342916722142164	0.0049308970465572486	6.834198640723297e-10	8.308540096682078e-10	0.8225510813208277
L5	Alzheimer Disease	0.11002726147717247	0.17888216415146144	0.030951733864808505	1.6257985680082967	0.28130968133956613	0.02050755464047937	1.3038774434304102e-10	9.047983785443988e-10	0.14410696066100745
L5	Alzheimer Disease2	0.11002726147717247	0.16512264871511428	0.024722257786276132	1.5007430567502813	0.22469211224897476	0.004753953394540777	-6.356586846253864e-11	8.220971203666897e-10	-0.07732160457414765
L5	Alzheimer Disease3	0.11002726147717247	0.1640471001391129	0.023044731110317254	1.4909677650492827	0.209445648295976	0.020249794661791633	1.6706669430758464e-10	1.0668645412502381e-09	0.15659597619750523
L5	Anorexia	0.11002726147717247	0.12198255147930626	0.012836655172022588	1.1086575257952245	0.11666795119394868	0.3504915672613632	1.353123415288574e-09	5.580941797704525e-09	0.24245431404518888
L5	Autism	0.11002726147717247	0.10038822842037756	0.01894347938352314	0.9123941382582286	0.17217077957950788	0.6080031359965858	-9.329984199955595e-09	6.392167192105684e-09	-1.4595963965833232
L5	BMI	0.11002726147717247	0.1545341311054483	0.008318087076194788	1.404507655927706	0.0756002372913785	2.705821281240692e-07	7.90565243933576e-09	3.317953135949886e-09	2.3826896027187185
L5	Bipolar Disorder2	0.11002726147717247	0.15046482025404428	0.00995525375539873	1.367523086860264	0.09047988309210225	9.814245262636447e-05	3.744975047500668e-09	3.3672536712070322e-09	1.1121749096373357
L5	Bipolar Disorder	0.11002726147717247	0.1715869611457051	0.015595290256200095	1.5594949728100296	0.14174023825391377	0.00012603599675016497	1.7690237661502147e-08	8.721369920899252e-09	2.0283783192260376
L5	Alcohol Use Disorder	0.11002726147717247	0.12603103162110776	0.01767415908807882	1.1454527716956366	0.16063436325501662	0.37055090845733973	2.0197334325118156e-10	2.9848672008060253e-09	0.06766577193003469
L5	epilepsyAll	0.11002726147717247	0.11846522467700377	0.023394070453223937	1.0766897502177852	0.21262067363257553	0.7193901064101595	-2.997499056242222e-09	4.535122103476513e-09	-0.6609522274922681
L5	epilepsyFocal	0.11002726147717247	0.0613452637440883	0.05576178518290518	0.5575460383226543	0.5067997188539876	0.3355142102075943	-7.1931105561794205e-09	5.979070667086113e-09	-1.203048258950411
L5	epilepsy	0.11002726147717247	0.15313042841333652	0.015837626355864373	1.3917498841421836	0.14394274785390557	0.003944126148130138	1.5963837259841575e-08	1.5594460480677528e-08	1.0236864096466645
L5	GSCAN_AgeSmk	0.11002726147717247	0.12879679303241826	0.010856167506847357	1.1705898274959787	0.09866797883631506	0.09085572446104509	-5.083682089163501e-11	9.327727797244916e-10	-0.05450075516424314
L5	GSCAN_CigDay	0.11002726147717247	0.14916997920893443	0.011345195002680388	1.3557547212050076	0.10311258183076921	0.00021105926564138003	2.068748249362525e-09	1.8145593863858483e-09	1.140082967184093
L5	GSCAN_DrnkWk	0.11002726147717247	0.132587043369846	0.010771744870659093	1.2050381113716444	0.0979006904838209	0.03682024782026017	-1.8749834102931796e-12	7.97662737962447e-10	-0.0023505967134463935
L5	GSCAN_SmkCes	0.11002726147717247	0.1488546974203505	0.009480800914179553	1.3528892332854583	0.08616774412899979	6.446274686301422e-05	2.268564088556171e-09	1.3015414598045667e-09	1.7429825776712542
L5	GSCAN_SmkInit	0.11002726147717247	0.13051703166370437	0.007595055824088232	1.1862244857451347	0.06902885450497184	0.00746751556363986	8.591251396620717e-10	8.603218256021614e-10	0.9986090252455794
L5	Height	0.11002726147717247	0.10989112280750864	0.007323408028648134	0.9987626823767483	0.06655994096669882	0.9851595697035544	-3.422351258208807e-08	7.544102155798809e-09	-4.536459326148176
L5	Insomnia	0.11002726147717247	0.1370873993528963	0.010496857893039783	1.2459403016345911	0.09540233713094443	0.00934668589228447	7.924245333775329e-10	9.544502968119583e-10	0.8302418009867862
L5	Intelligence	0.11002726147717247	0.1401456962896333	0.007997797642929131	1.2737361123789266	0.07268923660876943	0.0001848544361670602	3.3962773820395446e-09	2.585055726001127e-09	1.3138120574651257
L5	mdd2019edinburgh	0.11002726147717247	0.12162557284970907	0.008786155293855555	1.1054130696049627	0.07985434860321805	0.18635724283736063	-2.84769480063739e-10	1.0618835042515737e-09	-0.2681739370878046
L5	Depression_ex23andMe	0.11002726147717247	0.12185014716837274	0.013851328926157152	1.1074541484762228	0.1258899725413134	0.3959717402996351	-9.931288519932915e-11	2.06760352243783e-09	-0.048032847749375676
L5	Depression	0.11002726147717247	0.12357409688453443	0.007835509861892303	1.1231225355015542	0.07121425869095133	0.08378101748848146	6.912421400207242e-11	8.463791703827528e-10	0.08167050468741191
L5	STROKE1	0.11002726147717247	0.11445430184823874	0.022074872112159437	1.040235849839676	0.2006309328778427	0.8409979717080776	-1.2940183550288546e-09	1.8134221536558786e-09	-0.7135781110979038
L5	STROKE2	0.11002726147717247	0.10647949096829329	0.01970958737193374	0.9677555320268038	0.17913367203111677	0.8573324442854988	-1.7923367845551957e-09	1.814137038175292e-09	-0.9879831274256857
L5	Type_2_Diabetes	0.11002726147717247	0.1311229365473045	0.028458559224528647	1.1917313471853408	0.25865007310422783	0.46316279105626745	-3.797495452093379e-11	4.800486537331523e-09	-0.007910647019967099
L5	Parkinson Disease	0.11002726147717247	0.2040335371490055	0.044058452365916774	1.854390761069125	0.40043214540114364	0.039661473220428275	6.420528503884207e-09	5.036367798489833e-09	1.274833125930441
L5	PTSD	0.11002726147717247	0.10425813469723966	0.050625287477097325	0.9475663876163114	0.4601158549020202	0.9089548723562035	-9.590349766271121e-10	2.964939532027963e-09	-0.32345852799606684
L5	Schizophrenia	0.11002726147717247	0.15311431042195972	0.007957301805091483	1.3916033932529221	0.07232118384353678	6.123250019232828e-08	1.4776542513308003e-08	5.885086564594729e-09	2.510845397280163
L5	Schizophrenia_PGC3	0.11002726147717247	0.1517361360820022	0.00789555876688401	1.379077639894574	0.07176002256969846	1.553205529036061e-07	1.2175050717752389e-08	5.061599668588428e-09	2.4053760698043805
L5	Cigarettes Per Day	0.11002726147717247	0.1543171314327895	0.013717161214408026	1.402535420413112	0.12467056827778948	0.00045286060316049336	2.135620951333679e-09	1.766781533942067e-09	1.2087634550767874
L5	STROKEall	0.11002726147717247	0.11022147414187516	0.01711598813507521	1.0017651322235535	0.15556133911981707	0.9909514567934463	-1.5007676487727813e-09	9.622058280685684e-10	-1.5597158165059815
L5	Education Years	0.11002726147717247	0.1266907142134965	0.006334798175588715	1.1514484002656127	0.057574805466761574	0.009186489767261958	-3.5259401647000714e-10	1.5763736755652832e-09	-0.22367413382716372
L5	Neuroticism	0.11002726147717247	0.13703368410078248	0.0077920164972124705	1.2454521021520932	0.07081896243349738	0.0006232132041133761	2.4244471236751252e-09	1.5766629545702826e-09	1.5377079271428085
WM.CC	ADHD	0.005095317873588005	0.005464933142525698	0.0021988370181883106	1.072540178671408	0.4315406953482061	0.8665344007670294	6.303004641561177e-09	1.262979262836005e-08	0.499058442765549
WM.CC	Drinks Per Week	0.005095317873588005	0.005442652832898993	0.0018272279740857418	1.0681674760884747	0.35860922113560895	0.8489499692933318	3.50060592378462e-10	2.890268520260964e-09	0.12111697924414816
WM.CC	Alzheimer Disease	0.005095317873588005	-0.0002504961513250664	0.006123181344597871	-0.049162026303311436	1.2017270554086292	0.3752197438772832	-5.558972775907426e-09	3.1648601210390074e-09	-1.7564671307123816
WM.CC	Alzheimer Disease2	0.005095317873588005	0.000793186171829021	0.004219959030150105	0.15566961502844917	0.8282032907160918	0.3157109773707345	-5.143616394670448e-09	2.5880879166757623e-09	-1.987419500523422
WM.CC	Alzheimer Disease3	0.005095317873588005	0.003074971412809508	0.0039036376017575246	0.6034896132288179	0.7661224870762917	0.6029683044683797	-6.157431946539887e-09	3.2667602829987125e-09	-1.8848741300624885
WM.CC	Anorexia	0.005095317873588005	0.002399617429553738	0.003641699135910355	0.47094557966488215	0.7147148080372765	0.4596669810353684	-1.5433464639582527e-08	3.0385690481985105e-08	-0.5079188392553604
WM.CC	Autism	0.005095317873588005	-0.0014352052101394902	0.003912610729500391	-0.2816713786550969	0.7678835406485093	0.0744062090460622	-3.854810390572249e-08	2.3404049827355788e-08	-1.6470698101430974
WM.CC	BMI	0.005095317873588005	0.006798900042133772	0.0017245815548972583	1.3343426672899887	0.3384639776522613	0.3239826422922917	7.1863781288518194e-09	1.2551828558211713e-08	0.5725363516178936
WM.CC	Bipolar Disorder2	0.005095317873588005	0.008905154900053908	0.003142187974747107	1.7477133166145538	0.6166814421991009	0.22750978290463092	1.7241297031442026e-08	2.0096877166671088e-08	0.857909260650466
WM.CC	Bipolar Disorder	0.005095317873588005	0.01214191530771188	0.004341145651843763	2.3829554129783515	0.85198720855993	0.10579771433533845	6.320451324856008e-08	4.5908987722578837e-08	1.3767350661377142
WM.CC	Alcohol Use Disorder	0.005095317873588005	0.002625585280921201	0.003389469056159548	0.5152937159291152	0.6652124833524394	0.4631544050888985	-6.101173998456327e-09	1.0386112084527253e-08	-0.5874357939527316
WM.CC	epilepsyAll	0.005095317873588005	0.012984456375770358	0.005671206490871163	2.548311351304762	1.1130230991609618	0.15054369558532693	2.1802111313217545e-08	2.0080361754382033e-08	1.085742955226381
WM.CC	epilepsyFocal	0.005095317873588005	0.017226548178081127	0.014837049413910015	3.380858389105877	2.911898684637335	0.39096858950599434	1.9297635429953737e-08	3.1828855966237115e-08	0.606293718204134
WM.CC	epilepsy	0.005095317873588005	0.007865547491901673	0.003781968719173864	1.5436814124342229	0.7422439213808438	0.4634736477160183	3.4715562405529164e-08	7.34030464111186e-08	0.47294443627166244
WM.CC	GSCAN_AgeSmk	0.005095317873588005	0.002214333190886152	0.002660089596904072	0.4345819526519294	0.5220654850000357	0.2749886739432148	-4.86451027949834e-09	4.292694657682944e-09	-1.1332066842424902
WM.CC	GSCAN_CigDay	0.005095317873588005	0.004971219598488793	0.001997323660215416	0.9756446451079165	0.3919919639496302	0.9504722835473846	-3.983845113914797e-09	5.80891072981332e-09	-0.6858162053460968
WM.CC	GSCAN_DrnkWk	0.005095317873588005	0.0040420786705419945	0.001965763147972769	0.7932927387110504	0.38579794170692716	0.5947031869565267	-1.8392433594976357e-09	2.9481857308186256e-09	-0.6238560007503093
WM.CC	GSCAN_SmkCes	0.005095317873588005	0.0032849119466686625	0.0018897251959114382	0.6446922504474688	0.37087483897854195	0.3391781534939341	-5.943755873743351e-09	4.752343802466496e-09	-1.2506998905799922
WM.CC	GSCAN_SmkInit	0.005095317873588005	0.0020709909192425497	0.001121760744707307	0.40644979775995915	0.2201552037650183	0.0065533132285877675	-4.003760586366594e-09	2.3244662214103645e-09	-1.7224430062646046
WM.CC	Height	0.005095317873588005	0.004298725554943264	0.0011190011390920756	0.8436618993343001	0.2196136074046546	0.4791220935830509	-7.818305356677452e-08	2.181788776661989e-08	-3.5834382504428355
WM.CC	Insomnia	0.005095317873588005	0.005574749203925547	0.0036439368469083975	1.0940925261646017	0.7151539780858502	0.8956248761635275	6.974185870166515e-10	6.4791827205216735e-09	0.10763990106463592
WM.CC	Intelligence	0.005095317873588005	0.0027851057489563878	0.00126359397821153	0.5466009811464776	0.24799119693031757	0.07183434038107907	-1.3932959566938216e-08	7.917927393304996e-09	-1.7596725601095096
WM.CC	mdd2019edinburgh	0.005095317873588005	0.0028309181828358714	0.0016218272510263275	0.5555920657100053	0.31829756087116784	0.16262547667684527	-2.5059703266583125e-09	3.5313905763789787e-09	-0.7096270640297985
WM.CC	Depression_ex23andMe	0.005095317873588005	0.0020114707086239256	0.0025752046854857894	0.3947684439965066	0.5054060903313947	0.22405436786096572	-5.087905422986003e-09	6.85146894439787e-09	-0.7426006691814824
WM.CC	Depression	0.005095317873588005	0.003071830902178904	0.0017631737948311354	0.6028732609798476	0.3460380369928813	0.25051677624770574	-1.733213130289805e-09	3.4735519584107825e-09	-0.4989742923214494
WM.CC	STROKE1	0.005095317873588005	-0.00329501068249473	0.005680078892824613	-0.6466742142967539	1.114764384429824	0.1208138149095283	-1.6213980433668963e-08	8.420775507473838e-09	-1.9254735409201074
WM.CC	STROKE2	0.005095317873588005	0.0009623002305536501	0.004362211305030169	0.18885970501306928	0.8561215243590682	0.3369272768495829	-9.708665071859362e-09	7.3457997310208685e-09	-1.3216620963487822
WM.CC	Type_2_Diabetes	0.005095317873588005	0.004019568357932596	0.008410404801084834	0.7888748960625903	1.6506143502215733	0.8977419528107623	-9.958056705476464e-09	2.624739009640192e-08	-0.37939226219834893
WM.CC	Parkinson Disease	0.005095317873588005	0.0004575549234171264	0.004338665518231259	0.08979909296511206	0.8515004609861703	0.2742270110302081	-1.4506375624054859e-08	8.844254874231163e-09	-1.6402032540153257
WM.CC	PTSD	0.005095317873588005	0.020503776629476438	0.019296571575315568	4.024042687456151	3.787118302342022	0.40699811432434063	2.0390081181000682e-08	2.114877138592877e-08	0.9641260387620967
WM.CC	Schizophrenia	0.005095317873588005	0.007178672611242174	0.001582881130471891	1.4088763035675178	0.3106540494120856	0.19033376655558662	2.4484635833552874e-08	2.3163423788016773e-08	1.0570387200798705
WM.CC	Schizophrenia_PGC3	0.005095317873588005	0.008153856940588327	0.0017180129293105203	1.6002646238921634	0.33717482832935314	0.0765987927864581	3.5469525932466255e-08	2.190644359768821e-08	1.6191366606037942
WM.CC	Cigarettes Per Day	0.005095317873588005	0.005785536713677373	0.0023779851046550693	1.1354613896940902	0.4667000496635448	0.770610095494897	-9.961577825309758e-10	5.836799814519402e-09	-0.17066848516081903
WM.CC	STROKEall	0.005095317873588005	-0.001621425126204258	0.003293497895895704	-0.3182186404128086	0.6463773169026055	0.038743533334761146	-1.0550567706672278e-08	3.4679166614766073e-09	-3.0423360007099887
WM.CC	Education Years	0.005095317873588005	0.003375168827447393	0.0010185226108778093	0.6624059403521918	0.1998938311891009	0.09233042717946727	-6.785773675121199e-09	4.65162985162574e-09	-1.4587948507445359
WM.CC	Neuroticism	0.005095317873588005	0.0023986050917261786	0.0012965014708773883	0.4707468996506662	0.2544495756776843	0.03918034231278097	-7.900042930879749e-09	4.8792200823199905e-09	-1.6191200227892582
WM1	ADHD	0.09972221844778842	0.09534978204743114	0.009825261885903564	0.9561538394510691	0.09852630676329947	0.6562637090962389	-2.2795159250214008e-09	3.010069984882138e-09	-0.7572966530579379
WM1	Drinks Per Week	0.09972221844778842	0.11092229864189032	0.010260307775239723	1.1123127861416955	0.10288888409168027	0.27459645409459066	-6.521080072138553e-10	9.259407214691441e-10	-0.7042653942027606
WM1	Alzheimer Disease	0.09972221844778842	0.3084844883465781	0.06228555308621789	3.093437883234531	0.6245905281261743	0.0008947278933485137	2.3518355611450414e-09	1.1344078713470732e-09	2.073183394216325
WM1	Alzheimer Disease2	0.09972221844778842	0.266430825410832	0.05699004902345665	2.6717298266918044	0.5714879784117011	0.014846533311828823	1.666495682961307e-09	1.1842299394089347e-09	1.4072399518906589
WM1	Alzheimer Disease3	0.09972221844778842	0.25706262064753904	0.04197194746420551	2.5777868227242595	0.4208886255993269	9.203313906536646e-05	2.5155119848238037e-09	1.4676029203371402e-09	1.7140276500989355
WM1	Anorexia	0.09972221844778842	0.09466509409153642	0.012248236574669653	0.9492878875443415	0.12282354690176156	0.6799370288344055	-2.9187091798828582e-09	5.859086759715818e-09	-0.4981508722401004
WM1	Autism	0.09972221844778842	0.13084297978945117	0.018168231740222134	1.3120744988034603	0.18218840317651455	0.07965416665689078	1.2071555809992594e-08	6.851582273134579e-09	1.7618639503645475
WM1	BMI	0.09972221844778842	0.114795069018366	0.006905031265919882	1.1511483679885168	0.0692426559837831	0.02978356349446045	-1.3112484253339338e-09	2.768458746977384e-09	-0.47363841948721863
WM1	Bipolar Disorder2	0.09972221844778842	0.11715494445063938	0.008339368936890341	1.1748128578986459	0.08362598693345943	0.03800843395716376	-2.9030410200295146e-09	2.989162355444003e-09	-0.9711888063699048
WM1	Bipolar Disorder	0.09972221844778842	0.11857053676589173	0.012503177685105464	1.189008213129271	0.12538005952657136	0.13501756414279134	-6.424051112220943e-09	7.700946615458952e-09	-0.8341897993845644
WM1	Alcohol Use Disorder	0.09972221844778842	0.07561905663895241	0.016065348448807713	0.7582969754984371	0.16110099332797184	0.12478542351308863	-5.820609550424567e-09	2.9586817561664893e-09	-1.9672982869121505
WM1	epilepsyAll	0.09972221844778842	0.182477456375287	0.025728984421999213	1.8298575705155091	0.2580065387882455	0.0013524512599924021	8.821017442631323e-09	5.635574885133465e-09	1.5652382627193886
WM1	epilepsyFocal	0.09972221844778842	0.21868701222429276	0.06339089654722273	2.192961765474469	0.6356747526672034	0.01592610131098339	9.78290793453995e-09	6.432289292669302e-09	1.5209060863741395
WM1	epilepsy	0.09972221844778842	0.1525684847798658	0.016991676098500212	1.5299347242234298	0.1703900731750823	0.004915793884733844	1.8631032355794492e-08	2.3247862496308672e-08	0.8014084029769513
WM1	GSCAN_AgeSmk	0.09972221844778842	0.10259025781381817	0.011497388849262298	1.0287602844247932	0.11529415438428085	0.8031746658621778	-7.409200642585738e-10	1.1124151396357202e-09	-0.6660463687155507
WM1	GSCAN_CigDay	0.09972221844778842	0.10904940159737711	0.013701896274149895	1.093531645151598	0.13740063636193373	0.49099371871735076	-2.177786754962357e-09	2.1533858576034914e-09	-1.0113314096833632
WM1	GSCAN_DrnkWk	0.09972221844778842	0.1100866418198478	0.011496865753649221	1.1039329402552942	0.1152889088570431	0.3663683125842807	-9.462489543771112e-10	9.673911322772836e-10	-0.9781451605304643
WM1	GSCAN_SmkCes	0.09972221844778842	0.10862221104002379	0.009726911843167534	1.089247839957503	0.09754006674310253	0.3592070443052756	-9.837101104546249e-10	1.4091235788073766e-09	-0.6981006671446063
WM1	GSCAN_SmkInit	0.09972221844778842	0.09037478368563763	0.007098958151460889	0.906265274603324	0.07118732677590493	0.18760825009081922	-9.662404272124686e-10	9.085890406497622e-10	-1.0634515539847123
WM1	Height	0.09972221844778842	0.16408249103256733	0.009836069732092063	1.6453955155287288	0.09863468628349796	3.150960111342107e-10	-4.886967015528403e-10	1.0217997714454204e-08	-0.04782705136658411
WM1	Insomnia	0.09972221844778842	0.10936525530062934	0.010662632249517941	1.0966989804572962	0.10692333579703281	0.37006654195557454	-3.677784523802602e-10	1.1708947978759455e-09	-0.31410033851668523
WM1	Intelligence	0.09972221844778842	0.10716458258754133	0.007352914029637348	1.0746309524155795	0.07373395963395173	0.3103470169807336	-1.4308964477054947e-09	2.6367274115574993e-09	-0.5426789441462485
WM1	mdd2019edinburgh	0.09972221844778842	0.08787827467818324	0.007393312745403643	0.8812306429403562	0.07413907211936487	0.10867770386617427	-9.402374909807364e-10	9.302411665709959e-10	-1.0107459492967705
WM1	Depression_ex23andMe	0.09972221844778842	0.08020393207404461	0.011903019510326988	0.8042734439972071	0.11936176005309243	0.09351040030639111	-2.720494397544159e-09	1.857886662290079e-09	-1.4642951331545744
WM1	Depression	0.09972221844778842	0.08815110415510467	0.006732228949196963	0.8839665375200008	0.06750981931596074	0.08463468300664516	-7.425251519462863e-10	7.551119594435039e-10	-0.9833312036184757
WM1	STROKE1	0.09972221844778842	0.1008281700757161	0.02213856854767271	1.011090323151071	0.22200236709799837	0.9601539630989225	-3.461136012596869e-09	1.981007454231446e-09	-1.7471595097756234
WM1	STROKE2	0.09972221844778842	0.11804978797306578	0.02142398951125185	1.1837862194659572	0.21483667175403656	0.3888795387454954	-1.3066455433980125e-09	2.092020502694015e-09	-0.6245854386777615
WM1	Type_2_Diabetes	0.09972221844778842	0.10581441107192982	0.02859016122917533	1.06109162751259	0.2866980064642694	0.8301330859679827	-6.283971804717977e-09	5.022166124128265e-09	-1.2512473003486586
WM1	Parkinson Disease	0.09972221844778842	0.14660822178117583	0.027772197027537707	1.4701660679353572	0.2784955796192842	0.08331180461878993	-7.843793776334446e-10	3.267140757955882e-09	-0.24008129301542525
WM1	PTSD	0.09972221844778842	0.05311171672567244	0.05970891455915509	0.5325966224215134	0.5987523692166646	0.40807227034736016	-1.689143548459145e-09	3.58872273350258e-09	-0.47068098426499144
WM1	Schizophrenia	0.09972221844778842	0.11345920063232078	0.0074280950030219724	1.1377524728024841	0.07448786357386444	0.06402659415413774	-3.492504770104769e-09	6.360495581087087e-09	-0.5490931839477604
WM1	Schizophrenia_PGC3	0.09972221844778842	0.11454306180269319	0.007827494045824463	1.1486212760365386	0.07849297947500743	0.05884495047436648	-7.146797729878702e-10	5.602858650763709e-09	-0.12755627395498445
WM1	Cigarettes Per Day	0.09972221844778842	0.10802084566327919	0.01786855018470311	1.0832174348371089	0.17918323983193926	0.6370901336950746	-2.090170286060731e-09	2.4390018500059244e-09	-0.856977737042575
WM1	STROKEall	0.09972221844778842	0.11839570855891896	0.018241961367218135	1.1872550611266979	0.18292775322451418	0.3094202274452853	-2.0180387795033774e-09	1.0787371297747424e-09	-1.8707419294307375
WM1	Education Years	0.09972221844778842	0.09872372812552949	0.005648388735293927	0.989987283297536	0.05664122623035362	0.859816039498664	-2.1715890373446806e-09	1.519969386477995e-09	-1.4287057730659887
WM1	Neuroticism	0.09972221844778842	0.09271184768333973	0.006407680624984944	0.9297010147430774	0.06425529560736572	0.2751683590696249	-2.1138626501216774e-09	1.4936824114502572e-09	-1.4152022102672215
L6a	ADHD	0.11612573997774593	0.14773325631006912	0.00997411849358824	1.2721835515397395	0.08589067760084593	0.0017262385212760698	3.3763335329440862e-09	2.933026670763949e-09	1.1511431404968
L6a	Drinks Per Week	0.11612573997774593	0.15970406400383558	0.009895716021762648	1.375268429156541	0.08521552606389453	1.4159446621800654e-05	1.5389796858443768e-09	7.605126957722889e-10	2.023608145399291
L6a	Alzheimer Disease	0.11612573997774593	0.20474709492863818	0.033963404449408666	1.7631499697472364	0.29247094103268867	0.0062390795445901445	6.456943542351637e-10	9.156127704479637e-10	0.705204618235346
L6a	Alzheimer Disease2	0.11612573997774593	0.17161135557003054	0.027715035585540657	1.4778063468350577	0.23866401704610796	0.01133196028772154	7.036519684697381e-12	8.028505102490668e-10	0.00876442076684295
L6a	Alzheimer Disease3	0.11612573997774593	0.18608905314188545	0.022555258127244657	1.6024789437513778	0.19423134036921613	0.002904746554666219	8.951286751905398e-10	1.0040647118369655e-09	0.8915049644089931
L6a	Anorexia	0.11612573997774593	0.11700716833095415	0.013579955339457982	1.0075902926722113	0.11694181963499577	0.9482740325710372	-6.165267841201748e-09	5.632771224849963e-09	-1.0945354595625298
L6a	Autism	0.11612573997774593	0.13121863115780286	0.018682768355232575	1.1299702476208056	0.16088395526102048	0.41513998884735503	-1.7687906879750427e-09	6.169480034481562e-09	-0.28670012352567387
L6a	BMI	0.11612573997774593	0.1657338940813293	0.008251785195341815	1.4271934380189109	0.07105905371990023	9.957771386735299e-09	7.854322864144405e-09	3.0956770108716824e-09	2.537190681250296
L6a	Bipolar Disorder2	0.11612573997774593	0.1753330047625724	0.010455931440889688	1.5098547901281216	0.09003974005154618	1.299310859556125e-07	8.242739738762724e-09	3.4047416122749174e-09	2.4209589676484264
L6a	Bipolar Disorder	0.11612573997774593	0.2050179394875026	0.014687741548732064	1.7654823084597073	0.1264813602182151	4.748847850846643e-09	2.938209389859402e-08	7.751264983907679e-09	3.7906192033937534
L6a	Alcohol Use Disorder	0.11612573997774593	0.14724897738649817	0.01809141227216334	1.2680132536913575	0.15579157795360735	0.09248454019949015	1.982110952362741e-09	2.934720055707995e-09	0.6754003498587742
L6a	epilepsyAll	0.11612573997774593	0.16512233398738063	0.02449073088827748	1.4219270767964476	0.21089838388087628	0.04487085052636905	4.504700267943123e-09	4.428442269151063e-09	1.0172200503376279
L6a	epilepsyFocal	0.11612573997774593	0.1621905626762051	0.05211096937517833	1.3966805525397463	0.4487460694344317	0.36581079016793094	4.164851946067932e-09	5.845764265407118e-09	0.7124563627571934
L6a	epilepsy	0.11612573997774593	0.18425150188658745	0.018213932204806695	1.5866551371116946	0.15684664061815382	3.2400541811555373e-05	3.708217988294294e-08	1.5992202368209143e-08	2.3187662980465094
L6a	GSCAN_AgeSmk	0.11612573997774593	0.14208735226259706	0.013081918074585662	1.2235646661095667	0.11265304382209018	0.05119020882777835	1.2717530750785506e-10	1.067187356594792e-09	0.11916867897840282
L6a	GSCAN_CigDay	0.11612573997774593	0.15715323819151328	0.010327514890285654	1.3533023619193278	0.0889338995149981	5.176687534538961e-05	1.755978447355212e-09	1.5161634628676724e-09	1.158172248811453
L6a	GSCAN_DrnkWk	0.11612573997774593	0.161679745636044	0.01042393592275516	1.392281725541882	0.08976421527865207	1.401133498951915e-05	1.4903899499169317e-09	7.412620114697576e-10	2.010611533918783
L6a	GSCAN_SmkCes	0.11612573997774593	0.15495815083920064	0.009998626718541969	1.3343996849354542	0.08610172663233907	0.0001294935161538368	1.6664917958318132e-09	1.2871007529401238e-09	1.2947640594763437
L6a	GSCAN_SmkInit	0.11612573997774593	0.14390995413290297	0.008416583503146353	1.2392597382843937	0.07247819049212764	0.0009758658465620455	8.390539302619465e-10	9.240051199675015e-10	0.9080619924394544
L6a	Height	0.11612573997774593	0.12529301086322578	0.008018346350005874	1.0789426262191022	0.06904882889480396	0.2513542067098387	-2.6198016709793145e-08	7.809262323759952e-09	-3.354736417303433
L6a	Insomnia	0.11612573997774593	0.14563095560696968	0.012450708711010646	1.2540798933542043	0.10721747575857575	0.01641746112933664	4.885019610535336e-10	1.0995368617965868e-09	0.44427974907121026
L6a	Intelligence	0.11612573997774593	0.15817063789192276	0.008719394990671358	1.3620635521653874	0.07508580778337622	2.347364504064736e-06	5.349681836029789e-09	2.735768883198754e-09	1.9554582512009417
L6a	mdd2019edinburgh	0.11612573997774593	0.14934921444165578	0.009781145992740842	1.2860991410713656	0.08422892284359418	0.0007062903648636618	1.5780683952813302e-09	1.1306861437467933e-09	1.3956732414284578
L6a	Depression_ex23andMe	0.11612573997774593	0.14568161264679147	0.01312215135830984	1.2545161191197538	0.11299950692089919	0.024248298472533316	1.6888404713829616e-09	1.8184026785101877e-09	0.9287494411120335
L6a	Depression	0.11612573997774593	0.15194117695731552	0.00891137697050119	1.3084194510746125	0.07673903281226838	6.656713248207987e-05	1.7980671752785685e-09	9.202312356173282e-10	1.9539297360107024
L6a	STROKE1	0.11612573997774593	0.15874531693156266	0.022808746725594707	1.3670123175273996	0.19641422074008505	0.05985001496686774	1.5665529924139827e-09	1.8157144750520498e-09	0.8627749648628402
L6a	STROKE2	0.11612573997774593	0.1506448311083754	0.01970885496867214	1.2972561564494196	0.1697199516011618	0.07896692683736826	1.3661572660597675e-09	1.7352336656919125e-09	0.787304495683019
L6a	Type_2_Diabetes	0.11612573997774593	0.13995950976535554	0.028342564457024717	1.2052410584610875	0.24406789108475194	0.39924735516785903	-1.692560652474214e-10	4.5115994680686684e-09	-0.037515756096113906
L6a	Parkinson Disease	0.11612573997774593	0.17162636608328613	0.04227050963574184	1.4779356076971066	0.3640063748471481	0.20051430865193737	1.5997427899750036e-09	4.62718125725694e-09	0.34572727996468294
L6a	PTSD	0.11612573997774593	0.1780405230758843	0.05798673693275807	1.533170192155534	0.4993443912079313	0.2798971715779471	2.838092995977115e-09	3.1542633570337554e-09	0.8997641207251748
L6a	Schizophrenia	0.11612573997774593	0.17767600482446133	0.009047654433180403	1.5300311959993602	0.07791256645524304	2.7210212703764672e-11	2.416848459496811e-08	6.510131681862817e-09	3.7124417409714376
L6a	Schizophrenia_PGC3	0.11612573997774593	0.1731495656325907	0.008097599166615446	1.4910524201247086	0.06973130305277066	1.4011584084763046e-11	1.831384865939373e-08	5.026034590932763e-09	3.64379678015605
L6a	Cigarettes Per Day	0.11612573997774593	0.15934909969145505	0.012056992995033029	1.3722117053634477	0.10382704986287797	0.00022662017529167047	1.5067430766150166e-09	1.4425839432471475e-09	1.0444751472995406
L6a	STROKEall	0.11612573997774593	0.14225917976784433	0.01935603544523576	1.2250443337980585	0.16668169734759153	0.18104084468554874	-1.4129725690036985e-10	1.0696009299668174e-09	-0.13210278052465171
L6a	Education Years	0.11612573997774593	0.14862224612862462	0.007164890488952529	1.2798389586762267	0.061699417289617205	1.1150779346439632e-05	2.050772941793045e-09	1.701967508040159e-09	1.2049424751677784
L6a	Neuroticism	0.11612573997774593	0.16161362825970765	0.008054370367277127	1.3917123653264032	0.0693590445048673	3.5513805782667956e-08	4.816662128672794e-09	1.5720350089323526e-09	3.0639661975111037
WM2	ADHD	0.09821009639232907	0.09042243921791837	0.00929901601055636	0.9207041082283371	0.09468492906685184	0.4012395317137124	-3.01035235697038e-09	2.899481848746628e-09	-1.0382380418320876
WM2	Drinks Per Week	0.09821009639232907	0.1027425098816132	0.009455130028664814	1.046150178604632	0.096274521418791	0.6317939789879844	-1.186903078260973e-09	8.982029108896958e-10	-1.3214197636982845
WM2	Alzheimer Disease	0.09821009639232907	0.25785442895031774	0.03698471123067139	2.6255389050861178	0.37658766857253756	1.4970919650364944e-05	1.052844440539489e-09	1.0421222221336225e-09	1.0102888300221773
WM2	Alzheimer Disease2	0.09821009639232907	0.1917267146087504	0.02494004334279869	1.9522098200865392	0.25394581880022155	0.0002301814586916134	-4.676914419903487e-10	1.065011124289778e-09	-0.43914230689584327
WM2	Alzheimer Disease3	0.09821009639232907	0.22511117048736645	0.03006810674678103	2.2921387795822312	0.3061610552408497	3.372510849600442e-05	1.214127363045564e-09	1.3529986251992578e-09	0.8973603819196475
WM2	Anorexia	0.09821009639232907	0.08250565326218479	0.012406109582129584	0.8400933945995911	0.12632214036904857	0.20515277049734218	-7.766627737918646e-09	6.006383672726227e-09	-1.2930622086606505
WM2	Autism	0.09821009639232907	0.12232345796893626	0.0179105790046866	1.24552833631564	0.1823700379351786	0.1718564353942	9.462428168505786e-09	6.9782378685652675e-09	1.3559910605986938
WM2	BMI	0.09821009639232907	0.11368085768128587	0.006702195498745214	1.1575271978876216	0.06824344690561474	0.021371121032168303	-6.507099070370903e-10	2.834440796994133e-09	-0.2295725872020876
WM2	Bipolar Disorder2	0.09821009639232907	0.1182801807775644	0.009573616778873521	1.204358667005676	0.09748098342790437	0.037082379595904394	-1.6193509643888457e-09	3.5480358323181223e-09	-0.4564077255473592
WM2	Bipolar Disorder	0.09821009639232907	0.12696925726577307	0.013573381428235026	1.2928330378432487	0.1382075970479875	0.03663504292076003	3.730330499228807e-10	8.58371166843708e-09	0.04345824560889548
WM2	Alcohol Use Disorder	0.09821009639232907	0.0672962230350678	0.014539547391816584	0.6852271355710036	0.14804534285084187	0.028491569929501023	-7.0945353071351e-09	2.543859681047541e-09	-2.78888625814991
WM2	epilepsyAll	0.09821009639232907	0.16547238808129275	0.025183523809951498	1.6848816380371394	0.2564249983967892	0.00965511557701686	6.011448179830909e-09	5.707725498479597e-09	1.053212559264144
WM2	epilepsyFocal	0.09821009639232907	0.17658300989612102	0.05853772800072398	1.7980127948424807	0.5960459275681579	0.14023624861328982	4.6424343213503065e-09	6.956677416783916e-09	0.66733499962925
WM2	epilepsy	0.09821009639232907	0.1511131990501499	0.016894418200648374	1.5386727495560522	0.17202323204285086	0.0048152069145240735	2.204897307667774e-08	2.3413266883364207e-08	0.9417298827420005
WM2	GSCAN_AgeSmk	0.09821009639232907	0.09642334596803333	0.011197095202209727	0.9818068560165337	0.1140116506706158	0.8732265719759629	-1.1227027941722106e-09	1.1057323753102453e-09	-1.0153476729459094
WM2	GSCAN_CigDay	0.09821009639232907	0.10693939718181288	0.013358534521334817	1.0888839448299903	0.13601997159202683	0.5088715306934344	-2.152138129881028e-09	2.1021656114615066e-09	-1.0237719227005995
WM2	GSCAN_DrnkWk	0.09821009639232907	0.10197211591815235	0.010653212568562038	1.0383058327404016	0.10847370036176986	0.724034341518992	-1.43713525443445e-09	9.343306890020585e-10	-1.53814411894083
WM2	GSCAN_SmkCes	0.09821009639232907	0.09960432689801592	0.00804642529083516	1.0141964070589768	0.08193073407332124	0.862127487292099	-1.9568444320666447e-09	1.2365564610783805e-09	-1.5824950122860648
WM2	GSCAN_SmkInit	0.09821009639232907	0.08522169101338473	0.006861494480323152	0.8677487767952253	0.06986546935981915	0.0579125290746753	-1.3010790328430202e-09	8.961183857601579e-10	-1.451905299029595
WM2	Height	0.09821009639232907	0.14572358513658135	0.008946010219497489	1.4837943397840248	0.0910905349665886	1.5234540616811618e-07	-1.616129887799508e-08	9.41700449787097e-09	-1.7161825590769213
WM2	Insomnia	0.09821009639232907	0.10600094575218687	0.011110784675762852	1.0793283954099278	0.11313281509650047	0.4858775883927988	-4.901395048600982e-10	1.2192539697007424e-09	-0.4019995153104973
WM2	Intelligence	0.09821009639232907	0.10103647361763533	0.006829343324935643	1.0287788865822458	0.06953809817733837	0.6788324199468532	-2.93318339805916e-09	2.5443937520888508e-09	-1.1528024684273523
WM2	mdd2019edinburgh	0.09821009639232907	0.08265470451086229	0.007536592971848765	0.8416110720498003	0.07673949266622884	0.03925934216033296	-1.4004188896342896e-09	9.845708521471856e-10	-1.4223647659081198
WM2	Depression_ex23andMe	0.09821009639232907	0.07391001399099562	0.011848747597787316	0.7525704250990689	0.12064693990782795	0.036305289275695235	-3.4721395585147874e-09	1.869476961531123e-09	-1.85727860249803
WM2	Depression	0.09821009639232907	0.08238568427021851	0.006789017818514394	0.8388718400306289	0.06912749368856812	0.01981960917484809	-1.2205130934893703e-09	7.825302346056762e-10	-1.5597008773781087
WM2	STROKE1	0.09821009639232907	0.08708467107806186	0.02226811783176246	0.8867181102254148	0.22673959857249223	0.6165744348556743	-4.483410177642371e-09	2.0060919853408783e-09	-2.234897607090805
WM2	STROKE2	0.09821009639232907	0.1043440906460878	0.020920268725823754	1.0624578783555478	0.21301545863728305	0.7691760390231034	-2.4074785082357216e-09	2.085422644859107e-09	-1.154431939333992
WM2	Type_2_Diabetes	0.09821009639232907	0.10621222558549298	0.027402670475345465	1.0814797000218497	0.2790209100892993	0.7680592433741679	-5.621131732819619e-09	4.878424498599433e-09	-1.1522432569025949
WM2	Parkinson Disease	0.09821009639232907	0.140996502843616	0.026188346917341673	1.4356619942654782	0.26665636099902223	0.10519965301405784	-1.059717658291932e-09	3.2600688327088964e-09	-0.32505990292584663
WM2	PTSD	0.09821009639232907	0.048414620204058456	0.06242895921010982	0.4929698878479056	0.6356674262971803	0.3873797807350674	-2.0027454309094194e-09	3.6958222944887178e-09	-0.5418944070703704
WM2	Schizophrenia	0.09821009639232907	0.11476910606177076	0.007657520728310129	1.1686080176857976	0.07797080961737289	0.02986192701276412	3.9752623554202416e-11	6.710548409077537e-09	0.005923900869328055
WM2	Schizophrenia_PGC3	0.09821009639232907	0.1174976089184286	0.007948610907821846	1.1963903227327046	0.08093476332686596	0.01552220806764124	3.6542046540249983e-09	5.857753137465414e-09	0.6238236006657892
WM2	Cigarettes Per Day	0.09821009639232907	0.10822533375186094	0.017443211949095046	1.1019776756915405	0.17761118856266075	0.5603465573117783	-1.7477678483453976e-09	2.379914366331083e-09	-0.7343826622803183
WM2	STROKEall	0.09821009639232907	0.11229909547674863	0.019651665757050782	1.1434577462192574	0.20009822288073553	0.47493873133630893	-2.2048248177365933e-09	1.1785007473267856e-09	-1.8708726513223153
WM2	Education Years	0.09821009639232907	0.10145877940472224	0.005961678616651728	1.033078910740657	0.06070331702797696	0.5857738057084867	-7.333404306483818e-10	1.6566756154685785e-09	-0.44265782860633335
WM2	Neuroticism	0.09821009639232907	0.09191938644567188	0.006413022882657187	0.9359464028878752	0.06529901831109587	0.32765512907615013	-1.842276037211526e-09	1.5175403461469022e-09	-1.2139881762545168
L6b	ADHD	0.1194556293499301	0.13288200536624628	0.012395317967623132	1.1123963440599798	0.10376503840863473	0.28002130861562924	2.9982482929358887e-09	3.4868231062311304e-09	0.859879667419281
L6b	Drinks Per Week	0.1194556293499301	0.1281630586873767	0.010565597796903997	1.0728925826671534	0.08844788524744547	0.41154203645307863	-4.738469912738606e-10	8.315452458807749e-10	-0.569839096093876
L6b	Alzheimer Disease	0.1194556293499301	0.2165120161706784	0.049411948310892	1.8124890166241887	0.41364269377499124	0.04914045755626627	2.7584585599056236e-10	8.961530834548724e-10	0.30781108839922117
L6b	Alzheimer Disease2	0.1194556293499301	0.21433167977250667	0.05404350489724247	1.794236746638781	0.45241488568888516	0.10254192139065212	5.442816116158844e-10	1.0566563106122357e-09	0.5150980561508435
L6b	Alzheimer Disease3	0.1194556293499301	0.18711238411169123	0.028880668947375364	1.5663756084995313	0.24176900749292535	0.014555545324749362	-2.6141854870741843e-10	9.789606800071866e-10	-0.26703682185223143
L6b	Anorexia	0.1194556293499301	0.13056916112121134	0.014254865039235235	1.0930348099270026	0.11933188177743735	0.43507141099832813	4.715780743840809e-09	5.660130243591774e-09	0.8331576378794237
L6b	Autism	0.1194556293499301	0.1529993315267161	0.02066617389914958	1.2808047001160907	0.17300293013911172	0.09098327281015518	9.462428294246917e-09	6.25785951311081e-09	1.512087044207725
L6b	BMI	0.1194556293499301	0.12948304127525487	0.007493093163712088	1.0839425649497918	0.06272699917525044	0.17909332207960643	-1.7502275125588654e-09	2.448486294166696e-09	-0.7148202204474777
L6b	Bipolar Disorder2	0.1194556293499301	0.13910324180605463	0.010269860852390192	1.1644762374368254	0.08597217986526141	0.058785474458146615	-2.628914413069334e-10	3.2557499308181767e-09	-0.08074681621535602
L6b	Bipolar Disorder	0.1194556293499301	0.14505012068601214	0.014747193034247314	1.2142593988694013	0.12345331161453499	0.08352767467380905	1.6437169934336255e-09	7.816040064905603e-09	0.210300482057915
L6b	Alcohol Use Disorder	0.1194556293499301	0.13349824279246517	0.016797064811089144	1.1175550580492026	0.14061342192492474	0.40176145929983986	8.061875782658249e-10	2.5525004450406367e-09	0.31584228705315276
L6b	epilepsyAll	0.1194556293499301	0.21477860582639666	0.026369598980372413	1.7979781027918742	0.22074806456484372	0.0002814507100575543	1.0250159328946546e-08	4.629799308174955e-09	2.2139532724123865
L6b	epilepsyFocal	0.1194556293499301	0.23330473114995942	0.062261513024430934	1.9530660247624063	0.5212103721126757	0.02648285947518909	7.240973223068208e-09	5.4550076922698556e-09	1.327399268992635
L6b	epilepsy	0.1194556293499301	0.17632842359900971	0.016762889971467715	1.4760997414569554	0.14032733377815923	0.0018572978601942623	2.930215586146154e-08	1.8322189644494417e-08	1.5992715079371784
L6b	GSCAN_AgeSmk	0.1194556293499301	0.11032298259155497	0.013167950709819742	0.9235477908569533	0.11023298593359633	0.4876664987920968	-1.7875539888383953e-09	1.0530085781337657e-09	-1.6975683066195486
L6b	GSCAN_CigDay	0.1194556293499301	0.1465592725343473	0.014689222026016129	1.2268929755082576	0.12296801838434852	0.06627092367713316	1.5562334607196556e-09	1.8342542920231525e-09	0.8484284144719954
L6b	GSCAN_DrnkWk	0.1194556293499301	0.1373292819584053	0.011414156981812015	1.149625871176959	0.0955514364950997	0.12033742790442782	2.0420066491009862e-10	8.267281642578331e-10	0.2469985585811181
L6b	GSCAN_SmkCes	0.1194556293499301	0.12090340034285012	0.008824926673684173	1.012119738523824	0.07387618919015253	0.8696042507856824	-1.7232949831236542e-09	1.075940867126008e-09	-1.601663284458022
L6b	GSCAN_SmkInit	0.1194556293499301	0.12024999180873383	0.007728434981929997	1.0066498536998767	0.06469711828557302	0.9180907933285339	-1.2921424183194558e-10	8.289163557581206e-10	-0.15588333000591745
L6b	Height	0.1194556293499301	0.16013543780111508	0.010513694606480047	1.3405432516873579	0.08801338759583706	0.00011148640485098303	-4.84349191931376e-09	9.163562240394364e-09	-0.5285599412380174
L6b	Insomnia	0.1194556293499301	0.11428785630284119	0.012915353785584272	0.9567389743353946	0.10811841899681748	0.6890985230451695	-1.6251786250260783e-09	1.1109419944335004e-09	-1.4628834207089283
L6b	Intelligence	0.1194556293499301	0.12800776608812658	0.00791786993366047	1.0715925803140183	0.0662829368255729	0.2794236592789873	-5.72708446708745e-10	2.397904680167294e-09	-0.23883703611971308
L6b	mdd2019edinburgh	0.1194556293499301	0.12795383971774796	0.008987904068974728	1.071141145997594	0.07524052334650387	0.3445913603006263	7.967288166312e-10	9.737036037052093e-10	0.8182457306303769
L6b	Depression_ex23andMe	0.1194556293499301	0.10261787541666517	0.012969202074530525	0.8590459568553201	0.10856919966943453	0.19241033235669783	-2.5681439954166206e-09	1.7607341329904496e-09	-1.458564326832727
L6b	Depression	0.1194556293499301	0.13212894126358807	0.008295167313214724	1.1060922116657483	0.06944140982184342	0.12676751269256714	1.2242950121481609e-09	8.070675117247948e-10	1.5169672850932925
L6b	STROKE1	0.1194556293499301	0.1401704517993288	0.02354148561729303	1.1734101821917262	0.19707305336219222	0.37830151470290174	-8.846958437515691e-10	1.773921721087846e-09	-0.4987231585444679
L6b	STROKE2	0.1194556293499301	0.14709974938308795	0.021834887550689283	1.2314174742839277	0.1827865933946633	0.2017784989523303	2.4366283734467057e-10	1.7679511675937737e-09	0.13782215358148261
L6b	Type_2_Diabetes	0.1194556293499301	0.09292793048389375	0.024291239783790036	0.777928432419649	0.20334947725763455	0.27418345648119946	-8.420682018064137e-09	3.753523571016098e-09	-2.243407256873737
L6b	Parkinson Disease	0.1194556293499301	0.08726332297277752	0.024121707078150405	0.7305082518727576	0.20193026657194132	0.17810028440654155	-7.472780885731144e-09	2.497215587022135e-09	-2.9924452356323155
L6b	PTSD	0.1194556293499301	0.08440044585987411	0.06238758155214673	0.7065422225739878	0.522265730729108	0.5604444711905034	-1.1706135426988765e-09	3.3486259012351856e-09	-0.34958026881028426
L6b	Schizophrenia	0.1194556293499301	0.1515615746725149	0.009440851850120424	1.2687687930431015	0.07903228923992059	0.0007345549493696449	1.2174974218995986e-08	6.739147658560241e-09	1.8066044603624343
L6b	Schizophrenia_PGC3	0.1194556293499301	0.1492682296529219	0.008466548895702345	1.2495704929539952	0.07087609802716509	0.0004406168074353605	1.0079744513692267e-08	5.187357637085711e-09	1.9431366061267235
L6b	Cigarettes Per Day	0.1194556293499301	0.14646575998959277	0.018052046608114592	1.2261101530890597	0.15111926249397098	0.12925095713763035	1.2411287896860848e-09	1.920099019364935e-09	0.646387908732219
L6b	STROKEall	0.1194556293499301	0.16937042842338434	0.021494982016409456	1.417852212952101	0.17994113909393616	0.018524156087848576	5.08776362108165e-10	1.0772279355405663e-09	0.4723014928617264
L6b	Education Years	0.1194556293499301	0.12316318966853351	0.006592065608137904	1.031037133526312	0.0551842189774689	0.5737285319704013	-9.456397622551295e-10	1.5091031518341827e-09	-0.6266236745352941
L6b	Neuroticism	0.1194556293499301	0.13509430757317312	0.00811593285821062	1.1309162097119048	0.0679409827931677	0.05477491401741002	1.876482160422143e-09	1.5620846129318667e-09	1.2012679370166675
