cell	trait	Prop._SNPs	Prop._h2	Prop._h2_std_error	Enrichment	Enrichment_std_error	Enrichment_p	Coefficient	Coefficient_std_error	Coefficient_z-score
L6b	ADHD	0.12651516257157375	0.1402475802764942	0.012058900085064193	1.1085436514153122	0.09531584862993857	0.25763969887757654	1.9089818368371873e-09	3.1916007300662826e-09	0.598126770323662
L6b	Drinks Per Week	0.12651516257157375	0.13265487240199236	0.010214521329808626	1.048529438729885	0.08073752680853521	0.5469306466035192	-6.798353181884208e-10	7.566292307498641e-10	-0.8985052262845621
L6b	Alzheimer Disease	0.12651516257157375	0.2007183475909442	0.04779909990700217	1.5865161417106135	0.377813211756027	0.12007320338590817	4.2616406974409776e-10	9.296009348353338e-10	0.4584376518721842
L6b	Alzheimer Disease2	0.12651516257157375	0.21238977448812602	0.051791606605285534	1.6787693282848228	0.40937074697260367	0.11896307887964645	8.709512260281543e-10	1.0553630374731662e-09	0.8252622037184993
L6b	Alzheimer Disease3	0.12651516257157375	0.20004150586579733	0.0307364596287293	1.5811662554883676	0.24294684529485297	0.010793587514856984	1.0691178095319747e-09	1.0523879245480896e-09	1.0158970704562855
L6b	Anorexia	0.12651516257157375	0.13790237959306476	0.013839033554232927	1.0900067374536937	0.10938636344401594	0.4086254567652646	4.077861737473195e-09	5.2944026696927445e-09	0.7702213057606081
L6b	Autism	0.12651516257157375	0.15674155218447608	0.020702006521652376	1.2389151545041273	0.16363261209849514	0.1491551657108001	6.72664980543786e-09	6.076881730251485e-09	1.106924587976058
L6b	BMI	0.12651516257157375	0.14422704702444214	0.00682049569822181	1.139998116374772	0.05391050020872584	0.008681765137214172	9.148114138313017e-10	2.162024415646355e-09	0.4231272353868452
L6b	Bipolar Disorder2	0.12651516257157375	0.16242175975361503	0.010276288388867277	1.2838125996299277	0.08122574543627248	0.0007631171318909775	4.996744821585973e-09	3.116484673193379e-09	1.603327256689487
L6b	Bipolar Disorder	0.12651516257157375	0.16232835236411758	0.014188965339907395	1.2830742897894405	0.11215229108906401	0.013589717480267244	8.110863750129534e-09	6.998951104521422e-09	1.1588684688609698
L6b	Alcohol Use Disorder	0.12651516257157375	0.13410824838361204	0.01728530236394369	1.0600171999758736	0.13662633009829817	0.6605008538931055	-1.9726499250328063e-10	2.5637175123203564e-09	-0.0769449019072078
L6b	epilepsyAll	0.12651516257157375	0.18133989595015707	0.022956748205162966	1.4333451600915201	0.18145452085377978	0.010601052850751573	3.910196422465269e-09	3.63622731134901e-09	1.0753443301691221
L6b	epilepsyFocal	0.12651516257157375	0.20710735309939582	0.05446253262204846	1.6370160610766986	0.43048225615832597	0.09265153095273501	4.49716108294233e-09	4.884410123084493e-09	0.9207173373276003
L6b	epilepsy	0.12651516257157375	0.174752372405752	0.01576434607622432	1.381276116267004	0.12460440121005983	0.0005653117488714058	2.482153881525166e-08	1.330717069987121e-08	1.8652754499866668
L6b	GSCAN_AgeSmk	0.12651516257157375	0.1277576007038289	0.013398640977808327	1.0098204682110912	0.10590541643756163	0.9261154459751537	-1.0569869682877992e-09	9.994626308921851e-10	-1.0575552658174565
L6b	GSCAN_CigDay	0.12651516257157375	0.1504537543175468	0.011822067042175055	1.1892151996598053	0.09344387504135662	0.03954670426472227	1.167511810455978e-09	1.614659244939375e-09	0.723070093033663
L6b	GSCAN_DrnkWk	0.12651516257157375	0.13942132193308415	0.011573202855881435	1.1020127477147965	0.09147680499824752	0.26215417837908334	-7.53677582166469e-11	7.972901870940438e-10	-0.09452989568496589
L6b	GSCAN_SmkCes	0.12651516257157375	0.13811099752386535	0.009098088388476479	1.091655693409329	0.07191302768416706	0.20399565791821536	-7.711488099901321e-10	1.0875038481119915e-09	-0.7090998448685204
L6b	GSCAN_SmkInit	0.12651516257157375	0.1290814135400607	0.007867013070728297	1.0202841376189604	0.06218237332839589	0.7436562912878444	-1.703345568102805e-10	7.915585973336043e-10	-0.21518881531204265
L6b	Height	0.12651516257157375	0.1314283344889851	0.008722905253754255	1.0388346488874947	0.06894750855510638	0.571486831494548	-2.257896450936384e-08	7.444523622800122e-09	-3.0329629743146915
L6b	Insomnia	0.12651516257157375	0.11603637379204235	0.013051809510415988	0.9171736528133282	0.10316399430014686	0.4224570801150953	-1.98747093731489e-09	1.0722156221046911e-09	-1.8536112479070308
L6b	Intelligence	0.12651516257157375	0.1544716434620877	0.008296920170153278	1.2209733625777706	0.065580441122695	0.0009212352183052858	4.607697158521535e-09	2.40672356726835e-09	1.914510341439548
L6b	mdd2019edinburgh	0.12651516257157375	0.1415240689177777	0.010385439949349156	1.1186332613508907	0.0820885002101924	0.15032820334755345	7.987200348553007e-10	1.0809872853976915e-09	0.738880138226098
L6b	Depression_ex23andMe	0.12651516257157375	0.12672014526326406	0.014615354917786818	1.0016202223316462	0.1155225557214807	0.9888029348534387	-9.688172961075853e-10	1.8854763215882423e-09	-0.5138315899355852
L6b	Depression	0.12651516257157375	0.1448154324296691	0.009266753019107982	1.1446488269557595	0.07324618512714219	0.049515023176997706	1.1431384347598637e-09	8.733202017943694e-10	1.308956820661095
L6b	STROKE1	0.12651516257157375	0.1554830376814594	0.02234760780700512	1.22896761558914	0.1766397588459988	0.19391396114953544	4.750085417515279e-10	1.578432490611327e-09	0.30093687539817243
L6b	STROKE2	0.12651516257157375	0.1584295382464827	0.020756718318682404	1.2522573186186592	0.16406506458812517	0.12333721620410408	1.1376290979169004e-09	1.6102048726186177e-09	0.7065120204653309
L6b	Type_2_Diabetes	0.12651516257157375	0.10186362075371971	0.024838323114886606	0.80514950685134	0.19632684818181187	0.31712406840454316	-6.023690912926776e-09	3.612929147309999e-09	-1.667259629880012
L6b	Parkinson Disease	0.12651516257157375	0.12368965559665171	0.029592875426493276	0.9776666534074636	0.23390773742041887	0.9233444041957277	-3.5056883846196796e-09	2.962171858531853e-09	-1.1834858178543397
L6b	PTSD	0.12651516257157375	0.16006478594051293	0.06521413319718027	1.2651826286035799	0.5154649598642891	0.6072405910002117	2.1358732982493936e-09	3.4633118114274847e-09	0.6167141206292492
L6b	Schizophrenia	0.12651516257157375	0.1616979335415199	0.00910127726558117	1.2780913390522826	0.07193823317764209	0.0001382367246557473	1.287365832107541e-08	6.347783407076212e-09	2.028055699998279
L6b	Schizophrenia_PGC3	0.12651516257157375	0.1586539330190528	0.008423848529242635	1.2540309777438503	0.06658370710686151	0.00018262954498035876	1.0040010707873449e-08	4.929238698696092e-09	2.0368278595494442
L6b	Cigarettes Per Day	0.12651516257157375	0.15308036280188297	0.014110409218125482	1.209976414607857	0.11153136850409344	0.05125926113394723	1.1158026804720992e-09	1.5744987179454872e-09	0.708671698334613
L6b	STROKEall	0.12651516257157375	0.154917628943168	0.02082546219866247	1.2244985169704543	0.16460842934048184	0.16988087451684966	7.626192707081334e-11	1.006036074919994e-09	0.07580436623694448
L6b	Education Years	0.12651516257157375	0.1460792807749509	0.007374199190484088	1.1546385255783795	0.05828707832796139	0.008781048942798192	1.960672936302202e-09	1.5711556269022702e-09	1.247917712752564
L6b	Neuroticism	0.12651516257157375	0.1492397400365185	0.008905753675488213	1.1796193989956636	0.07039277739100985	0.011362515162844176	2.2839503570655856e-09	1.6007513534743353e-09	1.4267989541963577
L2	BMI	0.12113751704995622	0.16201071400282346	0.007210321065481401	1.3374115463833673	0.05952178351573706	2.879962554726629e-08	4.609372915560525e-09	2.5669001342348234e-09	1.7956962384649025
L2	Alcohol Use Disorder	0.12113751704995622	0.14758674770419244	0.016714757151165903	1.2183405380789567	0.13798167205518055	0.11852428203406172	9.39181209694708e-10	2.431364996198063e-09	0.3862773426298849
L2	Height	0.12113751704995622	0.12346228572861015	0.007753192935869436	1.019191153453271	0.06400323470945897	0.7644037848220118	-2.3910627574863045e-08	6.792319782306304e-09	-3.520244679461233
L2	Insomnia	0.12113751704995622	0.17711416601441782	0.012833382498646623	1.4620917642003282	0.10594061040027947	1.88527809117039e-05	2.9371792221016093e-09	1.105807195524766e-09	2.656140450151219
L2	Intelligence	0.12113751704995622	0.1691055948426196	0.008430459188769284	1.395980361500077	0.0695941223996908	4.569994028052347e-08	7.367461941663413e-09	2.55852382659403e-09	2.8795752711324796
L2	mdd2019edinburgh	0.12113751704995622	0.17316179392903477	0.01139376777707673	1.4294646129953623	0.09405647444778008	1.3158626176321517e-05	3.3506605702513243e-09	1.2391445624977878e-09	2.7040110344327206
L2	Depression_ex23andMe	0.12113751704995622	0.16257901557695914	0.015021439961406783	1.342102921838102	0.12400320171010318	0.005678148296826044	2.975735571662414e-09	1.948344319853477e-09	1.5273150342780277
L2	Depression	0.12113751704995622	0.1682912311672565	0.010293095000996972	1.389257723499933	0.08497033166654865	9.77820643093645e-06	2.6835500050626372e-09	9.86782243573876e-10	2.71949563598094
L2	STROKE1	0.12113751704995622	0.1496502025601916	0.02304580208438296	1.2353745247929835	0.19024495998938992	0.21621069651017838	6.964465338826093e-10	1.7596530807098571e-09	0.39578627259962945
L2	STROKE2	0.12113751704995622	0.1346294875355327	0.02027844912663832	1.1113773074943618	0.16740023751911337	0.5070109693042326	-2.484744706494954e-10	1.7099528899601493e-09	-0.14531071125315398
L2	Type_2_Diabetes	0.12113751704995622	0.12302734207458538	0.028217925316341375	1.0156006584141049	0.2329412555542517	0.9465059645527194	-2.0385212563692685e-09	4.363281648982103e-09	-0.46719909929372283
L2	Parkinson Disease	0.12113751704995622	0.18140450984353368	0.03172325458654736	1.497508899482592	0.26187803216624395	0.04189657474746295	2.32000327668603e-09	2.971179912310114e-09	0.7808356764509122
L2	PTSD	0.12113751704995622	0.2615159616660767	0.07415939495882985	2.1588354131299345	0.612191802876784	0.02435529773666097	7.504185949278552e-09	3.465387135693066e-09	2.165468288372849
L2	Schizophrenia	0.12113751704995622	0.18424441081939902	0.010071623252782994	1.5209525117096299	0.08314206447396087	4.480013256901156e-09	2.503614960474575e-08	7.049042801086532e-09	3.5517091201214877
L2	Schizophrenia_PGC3	0.12113751704995622	0.1848970137024376	0.009773435402028123	1.5263398012870566	0.0806804996506378	1.0498113735129833e-09	2.2626179870471577e-08	5.768587258795242e-09	3.922308678953226
L2	Cigarettes Per Day	0.12113751704995622	0.15372806606464018	0.013075678403284467	1.2690376178112008	0.10794078268825795	0.013741396324652782	2.653843929652532e-10	1.5063832219736856e-09	0.17617322676864566
L2	STROKEall	0.12113751704995622	0.1361890825846578	0.018303195833286906	1.124251890753997	0.1510943618378673	0.41412513688690133	-2.4294759820740597e-10	9.944029512261217e-10	-0.2443150414103719
L2	Education Years	0.12113751704995622	0.1764980253206169	0.0071098019536211116	1.4570054729438644	0.058691990118049736	2.5764962181016635e-12	7.355040766381555e-09	1.6083356776539185e-09	4.57307567603696
L2	Neuroticism	0.12113751704995622	0.1735770207771315	0.008127300422015727	1.4328923442070354	0.06709152226278575	1.8524259818100747e-10	5.771397591009413e-09	1.4788864627024113e-09	3.9025291910936653
WM2	Anorexia	0.09994717470210071	0.09550021857548659	0.012672817294457212	0.9555069351398018	0.12679515286179321	0.7253359702079303	-2.7849404133174038e-09	6.081653749527824e-09	-0.4579248553131827
WM2	Autism	0.09994717470210071	0.11623295227214137	0.016689147166722748	1.1629438512752512	0.1669796791801857	0.32895973114181587	5.805050385555658e-09	6.6416705746823085e-09	0.8740346755053161
WM2	BMI	0.09994717470210071	0.11366859620280652	0.005758830124884477	1.1372867371349258	0.057618738519113304	0.017205952218428314	-1.7950964714603511e-09	2.3925601116744598e-09	-0.7502827045812583
WM2	Alcohol Use Disorder	0.09994717470210071	0.08028741630488456	0.01633408762586024	0.8032985078786531	0.16342720716763717	0.21866207490488818	-4.871281068114048e-09	3.0242283794399138e-09	-1.6107517214080929
WM2	epilepsyAll	0.09994717470210071	0.16478747814577438	0.024297997739434994	1.6487457363045486	0.24310840013093732	0.009942024256231988	5.443570923254307e-09	5.491078130731883e-09	0.991348291474548
WM2	epilepsyFocal	0.09994717470210071	0.18607271476703183	0.05664188235900236	1.8617106018417637	0.5667181941643404	0.08068237394860822	6.025834623671996e-09	6.325382652110858e-09	0.952643492905698
WM2	epilepsy	0.09994717470210071	0.14726633910195835	0.01791034644118783	1.4734417410086438	0.17919812635595578	0.014050819069389486	1.5053863795276716e-08	2.3448894980501884e-08	0.6419860640680183
WM2	GSCAN_DrnkWk	0.09994717470210071	0.1109170594813581	0.009628132543131246	1.109756827163488	0.09633221320991357	0.25413317481417336	-7.585983655351894e-10	8.956455310482922e-10	-0.8469850395471762
WM2	Height	0.09994717470210071	0.1495105700865637	0.009502551166173576	1.4958959123375928	0.09507573570235048	3.944589549257916e-07	-1.4895720389484015e-08	9.74439151950214e-09	-1.528645514670891
WM2	STROKE1	0.09994717470210071	0.09030066810887497	0.022061981483271965	0.9034839491763743	0.2207364195038948	0.6609900276208005	-4.362430129978418e-09	1.893080892441484e-09	-2.304407670795432
WM2	Type_2_Diabetes	0.09994717470210071	0.12148735578504992	0.028144714629863874	1.2155156576176482	0.28159590017177666	0.43730128153432923	-3.0426834968088108e-09	5.14485006731491e-09	-0.5914037254727585
WM2	Parkinson Disease	0.09994717470210071	0.14641614848186837	0.026404968587243047	1.4649353412767452	0.26418924462792304	0.07977592359440183	-5.149618935141568e-10	3.2416033270985984e-09	-0.15886024338921015
WM2	PTSD	0.09994717470210071	0.05222109474618161	0.060767164891763946	0.5224869527510918	0.6079928229375625	0.3998005074701546	-1.8132042863268168e-09	3.6452790349337176e-09	-0.49741165736569914
WM2	Schizophrenia	0.09994717470210071	0.12399131843580985	0.007881519779468153	1.2405685183735742	0.07885685416280705	0.002365298674377127	5.983708071852768e-09	7.194916281138392e-09	0.8316577758575414
WM2	Schizophrenia_PGC3	0.09994717470210071	0.12568909887502733	0.008783010510700288	1.2575552960816767	0.08787652614372185	0.003871617743752513	8.026295732256752e-09	6.8618974255335196e-09	1.1696904273722366
WM2	Cigarettes Per Day	0.09994717470210071	0.11345847461217387	0.015638510253195164	1.1351844106683806	0.15646775709075117	0.37688404486216776	-1.3889977848749921e-09	2.3836883492326266e-09	-0.5827094742994183
L3	Alzheimer Disease3	0.11837278623167072	0.1442307151775106	0.02086987491221702	1.218444878835855	0.17630635872143788	0.22136685632924236	-6.37675551563308e-10	9.614652561683536e-10	-0.6632330679369347
L3	Anorexia	0.11837278623167072	0.13007938574456807	0.015340635077389754	1.098896037557028	0.12959596175565358	0.45013202241730055	-2.2613429131707265e-10	6.342015976788599e-09	-0.03565653132138277
L3	Autism	0.11837278623167072	0.11997560195115153	0.018535839436426466	1.0135404071366867	0.15658868922920724	0.9311233707506409	-5.952765290245028e-09	5.96129682138754e-09	-0.9985688464443
L3	BMI	0.11837278623167072	0.16552256915548555	0.00722114064537144	1.39831606929938	0.06100338494389025	5.176751530170281e-10	7.500914289874996e-09	2.6391058538544262e-09	2.8422180485560578
L3	Alcohol Use Disorder	0.11837278623167072	0.14134273169562026	0.017073930146356543	1.1940475188190165	0.14423864377865256	0.1848316607311465	8.00570735702344e-10	2.5507882859070765e-09	0.3138522864188456
L3	epilepsyAll	0.11837278623167072	0.17674136190483972	0.025833223690352864	1.4930911701185627	0.21823617161290715	0.02231385354826765	7.117177384595766e-09	4.647473800920509e-09	1.5314077474059329
L3	epilepsyFocal	0.11837278623167072	0.21733509616833677	0.061619113957009704	1.836022476846867	0.520551352372607	0.07743710601523507	1.0856167455292695e-08	6.326670217690185e-09	1.7159369908261461
L3	epilepsy	0.11837278623167072	0.16910594313258787	0.0160465647102631	1.4285880100990938	0.1355595759895177	0.0007853245913094976	2.305970806118835e-08	1.4964177516528014e-08	1.5409940195990577
L3	GSCAN_SmkCes	0.11837278623167072	0.1677689497192582	0.009933479554996983	1.4172932399421	0.08391691934627517	2.51232135294387e-06	2.5157396661031242e-09	1.1977418548107799e-09	2.1004022327503638
L3	mdd2019edinburgh	0.11837278623167072	0.1573309693299376	0.010519741548570959	1.3291143542234507	0.0888695948068881	0.0003697600895568927	2.06235719957901e-09	1.1606265433905977e-09	1.7769343733550504
L3	Depression_ex23andMe	0.11837278623167072	0.15962965093337922	0.014418369945501061	1.3485333581737573	0.12180476952939558	0.004834436484542367	2.953861931314288e-09	1.958939487293527e-09	1.5078882989874012
L3	Depression	0.11837278623167072	0.15315245640267422	0.00988676122947297	1.29381474643112	0.08352224818061907	0.0006422204703947476	1.5540034570780113e-09	9.68725349159911e-10	1.6041734206972695
L3	STROKE1	0.11837278623167072	0.14679265094783997	0.02125381107547726	1.2400878244138642	0.17954980829699174	0.18023767599677662	1.031367055115751e-09	1.684292583342411e-09	0.6123443547254982
L3	STROKE2	0.11837278623167072	0.13409049894625819	0.018493705386601812	1.1327814712735231	0.15623274550965843	0.39663273399214627	2.468710645669336e-10	1.62758479680231e-09	0.15167938718274912
L3	Type_2_Diabetes	0.11837278623167072	0.14485113887018627	0.027966424054897455	1.223686148492729	0.2362572086472948	0.3455551368145735	2.3576796963079624e-09	4.487104053606098e-09	0.525434593925495
L3	Cigarettes Per Day	0.11837278623167072	0.1648938172826671	0.01238786573154028	1.3930044441122538	0.10465129803817946	0.0005252060252580812	2.0067676950110018e-09	1.4145920541441168e-09	1.4186193744918032
L3	STROKEall	0.11837278623167072	0.12952296532972296	0.016122899470757988	1.0941954604010917	0.1362044434706758	0.49063045370325387	-2.716038402238896e-10	8.978226040151359e-10	-0.30251392536705474
WM_CC	ADHD	0.09839361775117893	0.08778066793703856	0.009525931852816642	0.8921378229939797	0.09681452995158829	0.2648008974141897	-4.636617438693181e-09	2.948682798219369e-09	-1.5724368323012263
WM_CC	Drinks Per Week	0.09839361775117893	0.11530466479443917	0.00949603546319625	1.1718713818006516	0.09651068514636937	0.07748051887825103	-4.039118777220961e-11	8.90164694201748e-10	-0.045374960426205466
WM_CC	Alzheimer Disease	0.09839361775117893	0.2703235237954551	0.06052025527354796	2.7473684774866016	0.6150831390974322	0.005310518830183081	1.36383426196203e-09	1.1547030089634748e-09	1.1811125903155677
WM_CC	Alzheimer Disease2	0.09839361775117893	0.24539105941236777	0.058331672370482646	2.4939733391338543	0.5928400002324717	0.031211677334811307	1.1424412905498036e-09	1.2229624923604575e-09	0.9341588950489897
WM_CC	Alzheimer Disease3	0.09839361775117893	0.23883491371910728	0.04010931582836823	2.427341520494561	0.4076414379822684	0.0003503003352947672	1.8492576846365544e-09	1.4948931506768974e-09	1.237050075317556
WM_CC	Anorexia	0.09839361775117893	0.09360703983724622	0.012819191867385171	0.9513527602365718	0.13028479042007352	0.7082790708969244	-2.4188012183654547e-09	5.966272924335733e-09	-0.4054124323578035
WM_CC	Autism	0.09839361775117893	0.13043037115265266	0.01818411019033219	1.3255978805707638	0.1848098546017159	0.09032091894825056	1.2005186153972308e-08	7.034280349450846e-09	1.7066687077533855
WM_CC	BMI	0.09839361775117893	0.11935125195020077	0.006910025047936575	1.2129979024861166	0.07022838681885728	0.0027400082339133123	1.4742064046336932e-09	2.8539670181699537e-09	0.5165464054938508
WM_CC	Bipolar Disorder2	0.09839361775117893	0.12572065845675587	0.009257734918789555	1.2777318420660422	0.09408877456056983	0.003732527323170103	1.0204844510725773e-09	3.345957206746855e-09	0.3049902876865407
WM_CC	Bipolar Disorder	0.09839361775117893	0.13249181197000234	0.013397867053858375	1.346548841257693	0.1361660172689183	0.011382351806107712	3.94256743537177e-09	8.505921517237084e-09	0.4635085601697869
WM_CC	Alcohol Use Disorder	0.09839361775117893	0.08368888806691102	0.01477014206561719	0.8505519969653548	0.15011280612700328	0.3179311799574464	-3.947654133929144e-09	2.670555255217308e-09	-1.4782147368854632
WM_CC	epilepsyAll	0.09839361775117893	0.18580247297505134	0.027368442083762053	1.8883589934147442	0.2781526150707486	0.0015965491108257256	1.0092252831383062e-08	6.1292301647518766e-09	1.6465775570677426
WM_CC	epilepsyFocal	0.09839361775117893	0.23536764648359396	0.06853607522734322	2.392102779255455	0.6965500079553893	0.007103856245620387	1.232766063595341e-08	6.685940373664241e-09	1.8438185127273596
WM_CC	epilepsy	0.09839361775117893	0.14838705629306462	0.017831922643973017	1.5080963550736672	0.18123048071133008	0.010088074428497745	1.7116468289302915e-08	2.4041108600334824e-08	0.7119666806490168
WM_CC	GSCAN_AgeSmk	0.09839361775117893	0.08982390346160467	0.01135570019103499	0.9129037585420872	0.11541094280882795	0.45069911698347254	-1.8408556528628639e-09	1.1205543312574379e-09	-1.6428080294840635
WM_CC	GSCAN_CigDay	0.09839361775117893	0.11444235961172164	0.014063887193860609	1.163107549324259	0.14293495366158643	0.2500675833425069	-9.54465609791022e-10	2.223401692228658e-09	-0.4292816782172635
WM_CC	GSCAN_DrnkWk	0.09839361775117893	0.11440638806534652	0.010596385893353476	1.1627419611164336	0.10769383355889985	0.1333723921691757	-3.797660578945221e-10	9.237024982182164e-10	-0.41113460083422426
WM_CC	Type_2_Diabetes	0.09839361775117893	0.11656734818399252	0.027884993711258455	1.18470436241883	0.28340246398678987	0.5103953987754473	-3.748128554506923e-09	4.8615422365553525e-09	-0.7709752115951297
WM_CC	PTSD	0.09839361775117893	0.04252298255319743	0.061614948732940766	0.43217216243365475	0.6262087942406459	0.32785443317395857	-2.4640632896365623e-09	3.6966518717875513e-09	-0.6665662267096417
WM_CC	Schizophrenia_PGC3	0.09839361775117893	0.11424945857301494	0.007784458858638271	1.1611470457558821	0.0791154857048134	0.04180602794393281	6.74721408090809e-11	5.735757878918443e-09	0.011763422067914015
WM_CC	Cigarettes Per Day	0.09839361775117893	0.11644023145886251	0.01809044181187954	1.1834124419870449	0.1838578784411328	0.3098342710279187	-6.544282639554853e-10	2.496835540503546e-09	-0.2621030714035352
WM_CC	Education Years	0.09839361775117893	0.1019098124503925	0.005874137842409663	1.0357360038138392	0.05970039497139316	0.5494559490471567	-1.0075719371855089e-09	1.6131747108737118e-09	-0.6245894696922181
WM_CC	Neuroticism	0.09839361775117893	0.09655802868910489	0.006793646913581095	0.9813444296080673	0.06904560548592792	0.7871797190569985	-9.099225472348518e-10	1.5619462125442978e-09	-0.5825569023613518
L1	ADHD	0.11137917978701793	0.1098973614386518	0.009348803502798455	0.9866957329799007	0.0839367242663797	0.8741178085992107	-6.995553439755954e-10	2.8178589623957214e-09	-0.24825775644244416
L1	Drinks Per Week	0.11137917978701793	0.11001166320460487	0.009571112681432088	0.9877219729483727	0.0859326913677602	0.8863300012649163	-1.4819393376388569e-09	7.674057814333378e-10	-1.9311026493323187
L1	Alzheimer Disease	0.11137917978701793	0.32022078952778577	0.0841276250653036	2.875050706425743	0.7553263116695109	0.013266556746737405	2.658245001568575e-09	1.5886535874801834e-09	1.6732691270882447
L1	Alzheimer Disease2	0.11137917978701793	0.2974610122492686	0.08185130642801619	2.670705717334972	0.734888751960055	0.044014972084908656	2.4394540090726964e-09	1.7338342904108985e-09	1.406970679126766
L1	Alzheimer Disease3	0.11137917978701793	0.23907261500221508	0.047055939963658616	2.146474910835003	0.42248416673241956	0.004418172392929759	1.6407464683739746e-09	1.5605062945315039e-09	1.0514193208471232
L1	Anorexia	0.11137917978701793	0.10446714382199239	0.013587811407282095	0.9379414000153089	0.12199597297506634	0.6108364132031876	-1.010392730457577e-09	5.727450426130382e-09	-0.17641230482726764
L1	Autism	0.11137917978701793	0.08573528196218154	0.01914655968711127	0.7697603997993764	0.1719042977666365	0.15025846488167963	-9.718550260156837e-09	5.601175166363377e-09	-1.7350912927200437
L1	BMI	0.11137917978701793	0.11594457071465948	0.007089892088590442	1.040989626035778	0.063655452501517	0.5177305075097829	-3.2732411902085933e-09	2.311276806947604e-09	-1.416204748980894
L1	Bipolar Disorder2	0.11137917978701793	0.14212484693433558	0.01000820353035734	1.2760450131354018	0.08985704105107685	0.0024886116599350007	4.836432560534029e-09	3.3783589573380036e-09	1.4315922676093966
L1	Bipolar Disorder	0.11137917978701793	0.13174335932247172	0.013649998149911358	1.1828365011700992	0.12255430661289864	0.1393262506866942	1.0908217353070868e-09	7.356182969916902e-09	0.14828637892341728
L1	Alcohol Use Disorder	0.11137917978701793	0.11968170670484983	0.01667848462694136	1.0745428987150758	0.14974508394508182	0.6180080797054504	-5.1523371420573744e-12	2.8835722216153557e-09	-0.0017867896990528898
L1	epilepsyAll	0.11137917978701793	0.14474685786374172	0.02240965561944615	1.2995863153286844	0.20120147825023005	0.13181035847172343	-2.234454845216469e-09	4.257975177008803e-09	-0.5247693451294747
L1	epilepsyFocal	0.11137917978701793	0.16810376163557075	0.049239764725189976	1.5092925083217796	0.4420912850978746	0.22784125454224516	-4.0449859739386064e-10	5.44970465058212e-09	-0.0742239485126324
L1	epilepsy	0.11137917978701793	0.12399007177457176	0.015121402046153183	1.1132248595443843	0.1357650691544749	0.40325108723615977	-1.8080383034331708e-08	1.4927518309621547e-08	-1.2112115798027847
L1	GSCAN_AgeSmk	0.11137917978701793	0.10720927318576501	0.012674210706522224	0.9625611661961713	0.11379335644918707	0.7417417733976075	-1.2633984046523604e-09	1.0275590233423427e-09	-1.2295141942726586
L1	GSCAN_CigDay	0.11137917978701793	0.130031797934986	0.012052506624428326	1.167469523331345	0.10821148663040464	0.13038196353159578	5.580946842661263e-10	1.9136844820783898e-09	0.2916335945097898
L1	GSCAN_DrnkWk	0.11137917978701793	0.1076611405455475	0.010242131636166352	0.9666181843987345	0.09195732681594185	0.7164878465768967	-1.5975346187067938e-09	7.677072398815996e-10	-2.08091644277469
L1	GSCAN_SmkCes	0.11137917978701793	0.12337429582867324	0.00846347425237256	1.10769621454021	0.07598793839707411	0.1563833893885618	-7.718074407380584e-10	1.11879720359908e-09	-0.6898546387631435
L1	GSCAN_SmkInit	0.11137917978701793	0.10034818570184353	0.00800361108386157	0.9009599989309659	0.0718591311155844	0.16883495614667354	-8.511015965557004e-10	8.742258562586386e-10	-0.9735488723681756
L1	Height	0.11137917978701793	0.1789078449201088	0.012297384570636056	1.606295227368534	0.11041008377105509	3.218706226621525e-07	1.3305883756163182e-08	1.0946052814766087e-08	1.215587388561995
L1	Insomnia	0.11137917978701793	0.1054802424608674	0.011796390163547173	0.9470373427293087	0.10591198629855711	0.6158653607311362	-1.4041794243402594e-09	1.0532146398547683e-09	-1.333231965455671
L1	Intelligence	0.11137917978701793	0.10626926588087487	0.0075892768959203	0.9541214622345544	0.06813909844221071	0.5011650798476874	-3.8177807851775036e-09	2.403574510992396e-09	-1.588376298599208
L1	mdd2019edinburgh	0.11137917978701793	0.11302962487243465	0.008898745816790322	1.0148182549788276	0.07989595392789503	0.8529173864811488	5.769641058147207e-10	1.0088558119052268e-09	0.5718994716649572
L1	Depression_ex23andMe	0.11137917978701793	0.10828837970551687	0.013466040089787887	0.9722497500214011	0.12090266884293804	0.817703747647385	-1.6322545258838686e-10	1.914464272528067e-09	-0.08525907478693567
L1	Depression	0.11137917978701793	0.11168062217048291	0.007624378809193478	1.002706451816591	0.06845425530851464	0.9684682125608393	4.788622181270389e-10	7.912338636500206e-10	0.6052094584501375
L1	STROKE1	0.11137917978701793	0.1213049170736196	0.021419437985457018	1.0891166311835112	0.1923109689478393	0.6440010406719745	-2.095431440074587e-09	1.7848109715342465e-09	-1.1740354992738125
L1	STROKE2	0.11137917978701793	0.1264191127416477	0.02074636304718783	1.1350336120573836	0.18626787418312424	0.4713456537099745	-1.218409916650993e-09	1.875918151149205e-09	-0.6495005743745182
L1	Type_2_Diabetes	0.11137917978701793	0.08542416761139814	0.026976347406917147	0.7669671097843276	0.24220278384615507	0.31946835623804515	-9.444488343820469e-09	4.028336083230764e-09	-2.3445135035123235
L1	Parkinson Disease	0.11137917978701793	0.17425090566353524	0.03126774436424123	1.5644836494283958	0.28073239921529497	0.04063985083405698	2.2413703828198907e-09	3.2613225777639873e-09	0.6872581075241593
L1	PTSD	0.11137917978701793	0.14146344792192342	0.06352636245049288	1.2701067487876403	0.5703611983134513	0.6355239989294471	2.8809774142263916e-09	3.7226397313779184e-09	0.7739071256191666
L1	Schizophrenia	0.11137917978701793	0.11639576210350847	0.009385298875253587	1.0450405751423504	0.08426439208118063	0.5927392318046547	-5.149838648181721e-09	7.196231010807238e-09	-0.7156299791443239
L1	Schizophrenia_PGC3	0.11137917978701793	0.11670850169557562	0.009300865315056894	1.0478484571241102	0.08350631898028198	0.5664532886371705	-3.281440309455018e-09	6.234039272174281e-09	-0.5263746611449452
L1	Cigarettes Per Day	0.11137917978701793	0.130124812727175	0.01438335522218865	1.168304641639514	0.12913863479415869	0.2012519754056397	4.583903361125704e-10	1.8502007897716472e-09	0.24775167033041057
L1	STROKEall	0.11137917978701793	0.14869244511472954	0.02080009540497675	1.3350111340293846	0.18675030149037922	0.07641033397409192	-4.838730854737887e-10	1.1175662450708303e-09	-0.43297038328418846
L1	Education Years	0.11137917978701793	0.11884304497699147	0.007252529216627278	1.067013109669564	0.06511566372185311	0.3047117034178108	9.157540332019628e-10	1.639899203504202e-09	0.5584209268747391
L1	Neuroticism	0.11137917978701793	0.11695188692532156	0.007721279441788323	1.0500336521507871	0.06932426200797266	0.47041366673314444	7.306311996596207e-10	1.5621291089011245e-09	0.4677149894310473
L6a	Autism	0.12341626854777737	0.157851487405081	0.01920354581102431	1.2790168529846042	0.15559979277440364	0.06108219724940045	4.257643574726067e-09	5.7749810221261774e-09	0.7372567214356885
L6a	Bipolar Disorder	0.12341626854777737	0.22144835335374558	0.01567599648024488	1.794320602619886	0.12701726170060254	7.749666338178768e-10	3.360823408417365e-08	7.608114240010549e-09	4.41741974738369
L6a	Alcohol Use Disorder	0.12341626854777737	0.14549296961902264	0.01704703015643659	1.1788799915199093	0.13812628073289446	0.20228558087690282	5.807656170295008e-10	2.598425629446333e-09	0.22350673055562845
L6a	epilepsyAll	0.12341626854777737	0.1696862720094782	0.02637099082983971	1.3749100828128555	0.21367515920018984	0.08285910742398608	3.808211565776181e-09	4.467153485090627e-09	0.8524917665099933
L6a	epilepsyFocal	0.12341626854777737	0.19536574107572954	0.0573528611512255	1.5829820766303497	0.4647107048859028	0.16478463264244483	6.8599844150241475e-09	5.656749230509247e-09	1.21270788848573
L6a	epilepsy	0.12341626854777737	0.18783362936576115	0.017578448656212314	1.5219519401775323	0.14243218388511947	2.1591053557004972e-05	3.1929871432779756e-08	1.4369565631888016e-08	2.22204847736824
L6a	GSCAN_AgeSmk	0.12341626854777737	0.15897900275245855	0.013458862285192136	1.2881527259180907	0.10905257826671279	0.009306736915670074	8.47942446459267e-10	1.0382451244677174e-09	0.8167073713868737
L6a	GSCAN_CigDay	0.12341626854777737	0.17301181222663548	0.011750943314077432	1.4018558028243941	0.09521389240129524	2.052792693573593e-05	3.0904164460239705e-09	1.5574077141405961e-09	1.9843335935505588
L6a	GSCAN_DrnkWk	0.12341626854777737	0.1635446764327622	0.010615086705364268	1.3251468251079894	0.08601043306745995	0.00017848768822718375	1.0331797407480782e-09	7.128479894652107e-10	1.4493689482426473
L6a	GSCAN_SmkCes	0.12341626854777737	0.16682955900804847	0.009969435566161282	1.351763110091639	0.08077894173491297	1.8560209748573963e-05	1.9397342572403255e-09	1.2015154110086339e-09	1.614406473248629
L6a	GSCAN_SmkInit	0.12341626854777737	0.15055513483642174	0.007954859317896655	1.2198969925762928	0.06445551637154821	0.0005943963847987394	6.793744038372764e-10	8.214752598883379e-10	0.8270174855048258
L6a	Height	0.12341626854777737	0.12404808220873842	0.008161835007458722	1.0051193709581039	0.06613256990750034	0.9381962707714732	-2.701940809700578e-08	7.242201139548463e-09	-3.730828180048364
L6a	Insomnia	0.12341626854777737	0.14829546029898347	0.012437545890256401	1.2015876192333166	0.10077719928342778	0.042144766683519574	1.184174625089361e-10	1.0657352300160555e-09	0.11111339774997596
L6a	Depression_ex23andMe	0.12341626854777737	0.16186188323812406	0.013161148531204828	1.311511724853871	0.1066403050916244	0.0034184382944752335	2.5189113357264964e-09	1.6843543949054348e-09	1.4954758590860069
L6a	STROKE2	0.12341626854777737	0.17786584852374393	0.01973770887993975	1.4411864061089144	0.15992793423582413	0.0052187269805663225	3.24376210152186e-09	1.5847000187737519e-09	2.0469250098399683
L6a	Type_2_Diabetes	0.12341626854777737	0.1432100503694967	0.02651581067513668	1.1603822741898624	0.21484858509453134	0.4596701482291973	3.715422534736694e-10	4.0132006699864955e-09	0.0925800337501986
L6a	Schizophrenia_PGC3	0.12341626854777737	0.19340457762847066	0.010453435169146047	1.5670914370061282	0.08470062571288382	4.4592183579901786e-10	2.613264582661372e-08	6.207372586125572e-09	4.209936726695637
L6a	STROKEall	0.12341626854777737	0.1651527316467496	0.019575232590761826	1.3381763489536636	0.1586114441888493	0.03588697233142319	1.0824970387283558e-09	1.041706148914888e-09	1.039157770025605
L6a	Education Years	0.12341626854777737	0.1652553234720394	0.007655307217122742	1.3390076155808026	0.062028347698417	1.9339559992809987e-07	3.91584136126888e-09	1.704876040981113e-09	2.296848138598635
L6a	Neuroticism	0.12341626854777737	0.1812931288960765	0.00836631025453325	1.4689564919546534	0.06778936320939287	1.6360105269536016e-11	6.654946306981044e-09	1.5016235444529946e-09	4.431834018296031
WM1	ADHD	0.09894518834340772	0.0909117025883476	0.009073005914690681	0.9188087274423249	0.09169729288099511	0.37464637469494577	-2.1607519658619122e-09	2.8029169503614187e-09	-0.7708940379354788
WM1	Drinks Per Week	0.09894518834340772	0.11708602223706491	0.010046554244234743	1.1833422544075214	0.10153656193332315	0.07297690615887097	3.740327151443009e-10	9.22868874122279e-10	0.4052934556927553
WM1	Alzheimer Disease	0.09894518834340772	0.3145515882014251	0.057313332719115845	3.17904885995785	0.5792432525389637	0.0001585280358597107	2.610439261946019e-09	1.0453086071981325e-09	2.497290507291522
WM1	Alzheimer Disease2	0.09894518834340772	0.26050856903494013	0.05024342022538836	2.6328573768619914	0.5077904349528266	0.008468447843262833	1.5497270666215119e-09	1.0282969652252079e-09	1.5070812411491512
WM1	Bipolar Disorder2	0.09894518834340772	0.1058784503177024	0.008028606466151658	1.070071744673743	0.08114195950880282	0.38922708782701254	-6.283070335562197e-09	3.00338016812729e-09	-2.09199967497951
WM1	Height	0.09894518834340772	0.1615493206425307	0.009851921069090174	1.6327152774912475	0.09956948118484797	1.582938784452524e-09	-3.973149134039985e-09	1.077590377628136e-08	-0.3687068125817168
WM1	Depression_ex23andMe	0.09894518834340772	0.07992725515559007	0.011649848186280088	0.8077932489065323	0.117740421553872	0.0955636011758543	-1.957436974700215e-09	1.8231198690373492e-09	-1.073674313984515
WM1	Type_2_Diabetes	0.09894518834340772	0.09044061676036379	0.02625510896730841	0.9140476487494548	0.2653500327492951	0.7453130625364888	-9.139824386963067e-09	4.7780628388323926e-09	-1.912872370091422
WM1	Schizophrenia_PGC3	0.09894518834340772	0.1073491841583099	0.007259817775957718	1.084935871623535	0.0733721153853502	0.24690962496600405	-3.3684763691219557e-09	5.6322259903777624e-09	-0.5980719479077626
WM1	Cigarettes Per Day	0.09894518834340772	0.10302241648839097	0.014214144105792925	1.0412069370248958	0.1436567491939081	0.7740156606659996	-2.415681397082601e-09	2.2277565485177758e-09	-1.0843560974783621
WM1	Neuroticism	0.09894518834340772	0.08918905846241668	0.006477617952893085	0.9013986425784488	0.06546673023059296	0.13322605549634775	-1.9018224611505137e-09	1.54332874298178e-09	-1.2322860374362676
L5	ADHD	0.11170881367197218	0.13393440402588946	0.010241178084342117	1.1989600428412186	0.09167744019209503	0.030880520161065506	1.4799980357700837e-09	3.209416015010091e-09	0.4611424722903772
L5	Drinks Per Week	0.11170881367197218	0.13962121750174303	0.009625733248533315	1.2498675163782005	0.08616807333393442	0.00379422282248028	4.765646320156803e-10	7.979766742853841e-10	0.5972162437485539
L5	Alzheimer Disease	0.11170881367197218	0.1686247036413461	0.03297539579805386	1.5095022326215444	0.2951906363886792	0.0769162210929041	-2.17424164088218e-10	9.740509028536902e-10	-0.22321642888603405
L5	Alzheimer Disease2	0.11170881367197218	0.1567153227831065	0.026138892480876006	1.4028912995468188	0.23399131744100038	0.031654225484658245	-3.8924427032087245e-10	9.054998671536153e-10	-0.4298667337682097
L5	Alzheimer Disease3	0.11170881367197218	0.1584763808237532	0.022957570838438707	1.4186560183971861	0.20551261877914634	0.04341147377033378	-1.6909566347807865e-10	1.0542675224865552e-09	-0.16039160826965063
L5	Anorexia	0.11170881367197218	0.12789298518530526	0.01356775116901791	1.144878196995782	0.12145640727023556	0.23079418846529828	2.0941895148631353e-09	5.932399595128449e-09	0.35300884259091986
L5	Autism	0.11170881367197218	0.11876092462505476	0.019184083541337302	1.0631294051138238	0.17173294488356564	0.7124754958369832	-4.068217011267062e-09	6.491796172413544e-09	-0.6266704781266361
L5	BMI	0.11170881367197218	0.15885436803619465	0.007623875182169456	1.4220397013852752	0.06824774994528737	2.979974779125212e-09	8.32829842149606e-09	2.9547417459527254e-09	2.8186214354956043
L5	Bipolar Disorder2	0.11170881367197218	0.17165063277985393	0.010703994968855657	1.5365898816533685	0.09582050526726968	1.2391397556063117e-07	1.0515124740803541e-08	3.467723960162601e-09	3.0322842479972048
L5	Bipolar Disorder	0.11170881367197218	0.19219355926148096	0.016106544661892246	1.7204869780986893	0.1441832934435091	1.6868872371203541e-06	2.8563598921666487e-08	8.688620155052617e-09	3.2874723962994454
L5	Alcohol Use Disorder	0.11170881367197218	0.13635952234240786	0.01613571391102481	1.2206693264402697	0.14444441204439426	0.13729299357424266	1.4735802730322247e-09	2.6595638488643226e-09	0.5540683949593719
L5	epilepsyAll	0.11170881367197218	0.15833468361238742	0.026033899070132014	1.4173875669052398	0.2330514326880184	0.07375356666556096	4.346651021150573e-09	4.842430159009448e-09	0.8976176998781351
L5	epilepsyFocal	0.11170881367197218	0.14290483582261304	0.04455212749887576	1.2792619590630203	0.3988237457225268	0.4850237129191657	1.9331141125855954e-09	5.215793872471937e-09	0.37062701476533405
L5	epilepsy	0.11170881367197218	0.1766510368798357	0.01633172287764003	1.5813527247596002	0.1461990539582435	9.192694638048421e-06	3.885608041993666e-08	1.5085465555611895e-08	2.5757296171401176
L5	GSCAN_AgeSmk	0.11170881367197218	0.1406667573136378	0.011481604826084273	1.259227026854831	0.10278154828319529	0.012700852269845348	6.730563054642881e-10	9.623399985539948e-10	0.6993955426103224
L5	GSCAN_CigDay	0.11170881367197218	0.15651860531708747	0.011377611091067795	1.40113031525603	0.10185061247250937	2.212950908200254e-05	2.854828960733487e-09	1.7384799948568523e-09	1.6421408179439856
L5	GSCAN_DrnkWk	0.11170881367197218	0.13361112981012702	0.010035246945168037	1.196066142126171	0.08983397652611441	0.028984448120437812	-1.1335865674965979e-10	7.59531201574467e-10	-0.14924818956044655
L5	GSCAN_SmkCes	0.11170881367197218	0.15558277220884642	0.009178723235109107	1.3927528822005766	0.08216650892079123	4.139889815611994e-06	2.5686439700432943e-09	1.2352612709361592e-09	2.079433744487604
L5	GSCAN_SmkInit	0.11170881367197218	0.13589286770253708	0.007848528914490215	1.216491906373478	0.07025881536560813	0.002363047225858924	9.75343932356018e-10	8.736244413123427e-10	1.116433888789643
L5	Height	0.11170881367197218	0.11235464069970656	0.007761664401036183	1.0057813435350842	0.06948121769360076	0.9335707271361988	-3.112865882278684e-08	7.360705512940607e-09	-4.2290319546218225
L5	Insomnia	0.11170881367197218	0.1457393395852417	0.0117856353109286	1.3046359977754183	0.10550318209927982	0.0031082445381315597	1.2922763358969332e-09	1.0815201027880872e-09	1.1948703797234377
L5	Intelligence	0.11170881367197218	0.16009800086821463	0.008331756158151599	1.4331725099000254	0.07458459081498636	2.4988793151967276e-08	8.844666544040676e-09	2.7509627373078154e-09	3.2151168113227024
L5	mdd2019edinburgh	0.11170881367197218	0.1405987054343186	0.009227588264827198	1.258617836970145	0.08260394109925462	0.002293723239134235	1.4385978606746098e-09	1.0786623970713356e-09	1.3336868556654342
L5	Depression_ex23andMe	0.11170881367197218	0.14277326695446663	0.014193400449014166	1.2780841749310292	0.12705712273243217	0.030912540484012208	2.3089724527876835e-09	2.0474444124682206e-09	1.1277338904669882
L5	Depression	0.11170881367197218	0.13947013556713572	0.008263817308933854	1.2485150542971784	0.07397641275826432	0.0010190149807309094	1.2996636407889007e-09	8.647906778000506e-10	1.5028649986088283
L5	STROKE1	0.11170881367197218	0.13146613491591422	0.02224767549059043	1.1768644800217691	0.1991577455644611	0.37427549709750385	5.924592694885537e-11	1.797168041679332e-09	0.032966270028646875
L5	STROKE2	0.11170881367197218	0.11773320506777923	0.018923847444776997	1.0539294187967783	0.16940335164910095	0.7506797388149022	-9.293014259535706e-10	1.7170953425059893e-09	-0.5412054898461931
L5	Type_2_Diabetes	0.11170881367197218	0.11366109888368976	0.02428684996800297	1.0174765548710452	0.21741211968574112	0.9361518072701666	-2.9887941614412583e-09	3.870235852089595e-09	-0.7722511690928516
L5	Parkinson Disease	0.11170881367197218	0.2521179712164592	0.046798892221783434	2.2569210336150562	0.418936435572633	0.0036329365238769915	1.1512778352593438e-08	5.1135646099143996e-09	2.2514193582832545
L5	PTSD	0.11170881367197218	0.1731932774587505	0.05730264922839148	1.5503993979143367	0.5129644416120834	0.2731597273164086	3.1037713139344963e-09	3.228155237145937e-09	0.9614690391031472
L5	Schizophrenia	0.11170881367197218	0.16532950159392498	0.010402976386546487	1.480004094210574	0.09312583353623602	6.263576848275811e-07	2.2427987681211494e-08	7.70740204830222e-09	2.909928344292343
L5	Schizophrenia_PGC3	0.11170881367197218	0.16693644270045416	0.010222933248224991	1.4943891821343245	0.09151411524469472	2.4946386488419175e-07	2.0899400738554032e-08	6.533435372508255e-09	3.1988379079244695
L5	Cigarettes Per Day	0.11170881367197218	0.1650832843596694	0.0142495783376857	1.4777999956604044	0.12756001849172738	5.633372421879551e-05	3.2021982525480255e-09	1.7603193619727203e-09	1.819100739174651
L5	STROKEall	0.11170881367197218	0.10120571265192825	0.01677297940614085	0.905977866250681	0.1501491140653766	0.5274536873918241	-1.9641029019909985e-09	9.10047204331066e-10	-2.158242883054314
L5	Education Years	0.11170881367197218	0.14816953440492403	0.006988747911375353	1.3263907254446108	0.06256218897729494	4.864056093750805e-07	4.014429657154287e-09	1.6983743631129945e-09	2.3636895047073923
L5	Neuroticism	0.11170881367197218	0.1449877795218875	0.006967715991786821	1.2979081484800068	0.06237391449028544	2.7291162825648404e-06	3.1098815742672058e-09	1.3728117835741267e-09	2.265337179850397
